000725 京东方Ａ 日线 前复权
      日期	    开盘	    最高	    最低	    收盘	    成交量	    成交额
2010/01/04	4.33	4.40	4.24	4.31	29022067	150718096.00
2010/01/05	4.31	4.45	4.30	4.42	56823694	301031360.00
2010/01/06	4.42	4.48	4.37	4.40	55283769	294746656.00
2010/01/07	4.40	4.53	4.31	4.39	60127241	320363424.00
2010/01/08	4.42	4.60	4.35	4.52	81438774	440100960.00
2010/01/11	4.52	4.64	4.47	4.54	150390937	826464768.00
2010/01/12	4.51	4.56	4.42	4.51	56279772	303917248.00
2010/01/13	4.41	4.58	4.37	4.44	54025225	291382048.00
2010/01/14	4.44	4.67	4.44	4.66	160501328	887918400.00
2010/01/15	4.72	4.73	4.57	4.62	81631992	455191776.00
2010/01/18	4.62	4.72	4.52	4.64	80781734	449933088.00
2010/01/19	4.66	4.67	4.55	4.56	50761090	279849920.00
2010/01/20	4.56	4.58	4.26	4.31	66121429	350978144.00
2010/01/21	4.30	4.37	4.26	4.31	41566546	215096144.00
2010/01/22	4.24	4.27	4.15	4.25	35696210	180763248.00
2010/01/25	4.26	4.29	4.19	4.20	16994655	86588232.00
2010/01/26	4.23	4.23	4.03	4.06	24496534	121205064.00
2010/01/27	4.05	4.12	4.01	4.04	17374097	84971928.00
2010/01/28	4.04	4.10	4.01	4.07	16050971	78281216.00
2010/01/29	4.05	4.08	3.98	4.02	32185959	156173824.00
2010/02/01	4.02	4.02	3.76	3.81	31846655	147771808.00
2010/02/02	3.84	3.88	3.82	3.82	22286291	102966840.00
2010/02/03	3.83	3.87	3.66	3.86	30674470	139855616.00
2010/02/04	3.83	3.91	3.79	3.86	27536600	127643448.00
2010/02/05	3.78	3.82	3.72	3.77	23762201	107703800.00
2010/02/08	3.77	3.83	3.74	3.79	14157574	64498736.00
2010/02/09	3.80	4.17	3.77	4.01	66105519	319638720.00
2010/02/10	3.97	4.04	3.92	4.02	20539847	98352512.00
2010/02/11	4.02	4.17	3.97	3.97	23895985	115894568.00
2010/02/12	3.97	4.02	3.94	3.98	28479302	135832480.00
2010/02/22	3.96	4.01	3.94	3.97	15001380	71754368.00
2010/02/23	3.97	3.97	3.84	3.93	18286462	85752992.00
2010/02/24	3.90	4.01	3.88	4.01	20202449	96364416.00
2010/02/25	4.02	4.12	4.00	4.07	31774159	154899792.00
2010/02/26	4.06	4.10	4.03	4.06	20999245	102752680.00
2010/03/01	4.07	4.13	4.03	4.11	29559431	145133312.00
2010/03/02	4.11	4.18	4.06	4.17	36321421	180077088.00
2010/03/03	4.15	4.19	4.12	4.16	33996471	170093808.00
2010/03/04	4.16	4.20	3.97	3.97	39072282	191750224.00
2010/03/05	4.00	4.15	3.96	4.09	37368629	182392320.00
2010/03/08	4.07	4.12	4.06	4.07	24490967	120452600.00
2010/03/09	4.07	4.07	4.00	4.05	20145610	97879352.00
2010/03/10	4.05	4.08	3.92	3.97	25262921	121292384.00
2010/03/11	3.97	3.99	3.89	3.93	19176772	90754184.00
2010/03/12	3.92	3.95	3.87	3.87	16725383	78692800.00
2010/03/15	3.87	3.89	3.81	3.83	13689717	63246960.00
2010/03/16	3.86	3.95	3.85	3.92	17920180	84143376.00
2010/03/17	3.93	4.02	3.90	4.01	23338776	111512808.00
2010/03/18	4.02	4.14	3.99	4.05	38873649	190596800.00
2010/03/19	4.06	4.06	3.99	4.04	21431104	103697512.00
2010/03/22	4.04	4.16	4.02	4.12	43340373	213444416.00
2010/03/23	4.12	4.12	4.02	4.04	26286609	128306472.00
2010/03/24	4.02	4.07	4.02	4.03	18621920	90497360.00
2010/03/25	4.02	4.03	3.92	3.94	18861230	89804496.00
2010/03/26	3.93	4.02	3.92	3.99	13038460	62246472.00
2010/03/29	3.99	4.05	3.98	4.02	19639982	94947320.00
2010/03/30	4.02	4.06	4.02	4.03	16420387	79704000.00
2010/04/01	4.05	4.20	4.03	4.12	58292256	289591840.00
2010/04/02	4.12	4.27	4.08	4.20	62459344	314584512.00
2010/04/06	4.20	4.22	4.12	4.17	35505527	177899984.00
2010/04/07	4.18	4.26	4.15	4.19	29791474	150652016.00
2010/04/08	4.17	4.19	4.11	4.14	30450603	151699520.00
2010/04/09	4.17	4.34	4.17	4.29	65211805	333616704.00
2010/04/12	4.28	4.29	4.22	4.27	35708644	182586016.00
2010/04/13	4.27	4.31	4.08	4.17	42278179	213265472.00
2010/04/14	4.20	4.26	4.14	4.20	29381143	148547088.00
2010/04/15	4.20	4.20	4.09	4.12	32286796	160665536.00
2010/04/16	4.12	4.17	4.07	4.13	21670174	107533696.00
2010/04/19	4.11	4.13	3.91	3.91	34261338	166105424.00
2010/04/20	3.91	3.99	3.86	3.95	24571953	116134656.00
2010/04/21	3.97	4.06	3.92	4.06	30989104	149049664.00
2010/04/22	4.03	4.11	3.97	4.03	31681708	153449072.00
2010/04/23	4.03	4.07	3.92	3.93	22656642	108672584.00
2010/04/26	3.93	4.00	3.92	3.95	16424890	78142688.00
2010/04/27	3.95	3.96	3.76	3.82	24302270	111927928.00
2010/04/28	3.77	3.85	3.75	3.80	12233779	55936948.00
2010/04/29	3.78	3.86	3.66	3.66	23051696	103889336.00
2010/04/30	3.66	3.67	3.47	3.56	18563006	79202552.00
2010/05/04	3.46	3.56	3.45	3.52	9419866	39883208.00
2010/05/05	3.52	3.61	3.47	3.60	14418955	61493716.00
2010/05/06	3.58	3.59	3.46	3.46	14302480	60681076.00
2010/05/07	3.41	3.46	3.35	3.38	12911748	52812868.00
2010/05/10	3.38	3.42	3.32	3.40	11253678	45798232.00
2010/05/11	3.45	3.47	3.32	3.33	15348512	62581136.00
2010/05/12	3.32	3.37	3.27	3.32	11514939	45932084.00
2010/05/13	3.32	3.37	3.27	3.37	12691507	50838984.00
2010/05/14	3.33	3.39	3.32	3.37	11144118	45123564.00
2010/05/17	3.32	3.33	3.09	3.09	16848963	65460728.00
2010/05/18	3.09	3.20	2.92	3.20	20107901	74157304.00
2010/05/19	3.14	3.17	3.07	3.13	13889185	52043192.00
2010/05/20	3.09	3.13	2.99	3.07	14137741	52196112.00
2010/05/24	3.13	3.23	3.11	3.22	26018793	99665696.00
2010/05/25	3.18	3.22	3.16	3.19	16200341	62199196.00
2010/05/26	3.17	3.30	3.15	3.27	27117399	105806032.00
2010/05/27	3.24	3.38	3.22	3.37	36319462	145300544.00
2010/05/28	3.38	3.39	3.28	3.30	26566279	106195552.00
2010/05/31	3.28	3.29	3.16	3.19	17036288	66083120.00
2010/06/01	3.16	3.28	3.08	3.12	21428416	81818248.00
2010/06/02	3.11	3.17	3.06	3.14	15994810	59924604.00
2010/06/03	3.15	3.18	3.10	3.15	19997882	75682048.00
2010/06/04	3.13	3.16	3.07	3.14	18091325	67892328.00
2010/06/07	3.07	3.22	3.02	3.17	26562500	99344608.00
2010/06/08	3.12	3.19	2.92	3.02	45386711	166864304.00
2010/06/09	2.98	3.22	2.95	3.22	54130846	198975696.00
2010/06/10	2.94	3.07	2.90	2.90	882707072	3091542528.00
2010/06/11	2.74	2.83	2.67	2.74	488161128	1610770944.00
2010/06/17	2.75	2.77	2.67	2.68	155075533	505454272.00
2010/06/18	2.67	2.67	2.51	2.53	182672665	568364032.00
2010/06/21	2.55	2.57	2.50	2.57	158451604	485936064.00
2010/06/22	2.56	2.69	2.53	2.65	220409916	689503744.00
2010/06/23	2.60	2.67	2.59	2.62	152240346	480446048.00
2010/06/24	2.62	2.62	2.58	2.59	66482244	208144064.00
2010/06/25	2.57	2.58	2.52	2.54	75935325	233484640.00
2010/06/28	2.55	2.57	2.52	2.52	59239352	181300816.00
2010/06/29	2.52	2.54	2.35	2.35	130069442	379684032.00
2010/06/30	2.32	2.42	2.24	2.37	116410771	324662112.00
2010/07/01	2.36	2.42	2.33	2.37	98259722	282548928.00
2010/07/02	2.37	2.39	2.29	2.38	77740117	219670416.00
2010/07/05	2.37	2.37	2.32	2.35	46785563	132373208.00
2010/07/06	2.34	2.43	2.32	2.41	92870369	267691152.00
2010/07/07	2.41	2.48	2.39	2.47	115004344	337643968.00
2010/07/08	2.47	2.47	2.41	2.42	71954526	210959824.00
2010/07/09	2.42	2.47	2.38	2.45	101109474	296997056.00
2010/07/12	2.44	2.51	2.42	2.49	151580887	451467040.00
2010/07/13	2.47	2.49	2.40	2.42	101026255	295649120.00
2010/07/14	2.42	2.45	2.41	2.42	71869224	210080336.00
2010/07/15	2.42	2.42	2.34	2.35	77512111	222490544.00
2010/07/16	2.32	2.36	2.31	2.35	56312949	157865328.00
2010/07/19	2.32	2.38	2.30	2.37	60044696	170362976.00
2010/07/20	2.37	2.45	2.37	2.43	114488815	333054240.00
2010/07/22	2.43	2.47	2.43	2.46	124889421	368819776.00
2010/07/23	2.47	2.47	2.42	2.45	97186365	285839232.00
2010/07/26	2.46	2.50	2.45	2.48	140563350	418556096.00
2010/07/27	2.47	2.47	2.44	2.45	79569623	235152624.00
2010/07/28	2.45	2.52	2.42	2.50	181249424	541619072.00
2010/07/29	2.50	2.61	2.49	2.60	299532541	917042816.00
2010/07/30	2.57	2.58	2.52	2.57	179336214	552886080.00
2010/08/02	2.57	2.59	2.55	2.58	121861530	377891072.00
2010/08/03	2.59	2.70	2.55	2.60	278250173	877964160.00
2010/08/04	2.58	2.62	2.54	2.61	205959704	642533376.00
2010/08/05	2.61	2.61	2.55	2.57	119391083	370036064.00
2010/08/06	2.56	2.59	2.52	2.58	150096007	462263424.00
2010/08/09	2.58	2.62	2.57	2.61	149974418	468541696.00
2010/08/10	2.61	2.61	2.52	2.52	139780990	430127904.00
2010/08/11	2.51	2.54	2.50	2.52	82693285	250810720.00
2010/08/12	2.50	2.55	2.48	2.50	105489416	320543552.00
2010/08/13	2.50	2.52	2.47	2.52	107546420	323760896.00
2010/08/16	2.51	2.57	2.49	2.56	141573269	431973280.00
2010/08/17	2.55	2.57	2.53	2.55	103888469	318920768.00
2010/08/18	2.55	2.56	2.52	2.53	101303489	308792480.00
2010/08/19	2.54	2.55	2.51	2.53	89646676	273533664.00
2010/08/20	2.52	2.53	2.47	2.48	111628514	335567136.00
2010/08/23	2.48	2.50	2.47	2.47	67665612	202212160.00
2010/08/24	2.47	2.52	2.44	2.51	104621702	313014016.00
2010/08/26	2.47	2.70	2.47	2.61	356864968	1118573824.00
2010/08/27	2.57	2.63	2.54	2.57	125590767	389980576.00
2010/08/30	2.57	2.58	2.54	2.57	125824350	387904160.00
2010/08/31	2.56	2.56	2.52	2.53	103378795	314689696.00
2010/09/01	2.52	2.55	2.48	2.50	88045211	266664816.00
2010/09/02	2.52	2.52	2.49	2.50	74991183	225945776.00
2010/09/03	2.50	2.51	2.47	2.49	83340023	249227952.00
2010/09/06	2.50	2.55	2.50	2.54	102100387	310069248.00
2010/09/07	2.54	2.57	2.52	2.56	106957330	328958208.00
2010/09/08	2.55	2.55	2.51	2.52	84391703	256489600.00
2010/09/09	2.52	2.59	2.51	2.54	172405644	530044672.00
2010/09/10	2.52	2.54	2.49	2.52	101893248	308290432.00
2010/09/13	2.52	2.53	2.50	2.52	75406830	228302464.00
2010/09/14	2.52	2.57	2.50	2.54	159166658	486674880.00
2010/09/15	2.53	2.53	2.49	2.50	96933336	292885440.00
2010/09/16	2.50	2.51	2.42	2.50	112905172	335904896.00
2010/09/17	2.48	2.58	2.45	2.57	210795849	643884608.00
2010/09/20	2.55	2.69	2.53	2.62	483889236	1521778560.00
2010/09/21	2.62	2.62	2.54	2.56	151119506	468251968.00
2010/09/27	2.56	2.57	2.52	2.54	115357518	352118336.00
2010/09/28	2.54	2.57	2.49	2.52	141571845	429369760.00
2010/09/29	2.51	2.52	2.47	2.48	95426519	285963104.00
2010/09/30	2.47	2.52	2.47	2.51	59016281	177536640.00
2010/10/08	2.52	2.59	2.51	2.55	143359366	439805440.00
2010/10/11	2.55	2.59	2.54	2.57	192637642	595646528.00
2010/10/12	2.57	2.60	2.54	2.57	171649834	531714112.00
2010/10/13	2.57	2.65	2.55	2.62	443001280	1390977152.00
2010/10/14	2.65	2.65	2.54	2.55	339495368	1057077056.00
2010/10/15	2.54	2.57	2.52	2.57	190631640	585829696.00
2010/10/18	2.57	2.75	2.57	2.74	661896846	2117845248.00
2010/10/19	2.72	2.74	2.67	2.72	392616232	1281388032.00
2010/10/20	2.67	2.70	2.62	2.66	294903923	943618880.00
2010/10/21	2.65	2.77	2.62	2.77	426747915	1394225664.00
2010/10/22	2.77	3.04	2.74	3.04	970130985	3431518720.00
2010/10/25	3.07	3.14	2.99	3.10	685702990	2528742656.00
2010/10/26	3.09	3.09	2.95	2.99	418356952	1508547968.00
2010/10/27	2.97	3.15	2.87	3.02	429709704	1560176000.00
2010/10/28	2.96	3.06	2.93	2.96	206632462	743191232.00
2010/10/29	2.93	2.97	2.87	2.88	251418655	878208640.00
2010/11/01	2.88	2.98	2.88	2.92	247236047	870975424.00
2010/11/02	2.92	2.93	2.84	2.84	244914063	843131776.00
2010/11/03	2.84	2.95	2.80	2.86	211319820	733405440.00
2010/11/04	2.86	2.92	2.84	2.89	168758364	584890944.00
2010/11/05	2.92	2.94	2.87	2.88	178766983	620178368.00
2010/11/08	2.89	3.03	2.86	3.01	345329156	1224086528.00
2010/11/09	2.99	3.11	2.97	3.02	352734436	1295978752.00
2010/11/10	3.02	3.05	2.94	2.96	183105360	656678528.00
2010/11/11	2.93	3.01	2.92	2.92	190221208	678128640.00
2010/11/12	2.90	2.94	2.71	2.72	252403242	852417088.00
2010/11/15	2.72	2.77	2.72	2.77	133981897	442727328.00
2010/11/16	2.77	2.77	2.62	2.65	148379132	481346688.00
2010/11/17	2.62	2.65	2.59	2.60	105021464	331540288.00
2010/11/18	2.64	2.75	2.62	2.72	153481664	495397088.00
2010/11/19	2.74	2.86	2.70	2.83	265785196	895472256.00
2010/11/22	2.83	2.99	2.79	2.90	319432458	1120125184.00
2010/11/23	2.89	2.89	2.74	2.82	197256620	665834688.00
2010/11/24	2.77	2.86	2.74	2.83	129480509	438565280.00
2010/11/25	2.83	2.86	2.78	2.81	117003768	396497024.00
2010/11/26	2.82	2.82	2.75	2.77	85214100	284730272.00
2010/11/29	2.77	2.86	2.76	2.82	122295560	415793888.00
2010/11/30	2.84	2.90	2.74	2.89	197011973	672775744.00
2010/12/01	2.87	2.96	2.86	2.90	196536588	690413696.00
2010/12/02	2.93	2.95	2.86	2.89	126334444	439194912.00
2010/12/03	2.88	2.89	2.81	2.83	87836924	299985760.00
2010/12/06	2.82	2.83	2.77	2.79	65222337	219522992.00
2010/12/07	2.79	2.87	2.77	2.87	97834992	333324576.00
2010/12/08	2.87	2.87	2.79	2.81	71410863	243268704.00
2010/12/09	2.79	2.81	2.75	2.75	73182710	245146928.00
2010/12/10	2.79	2.85	2.78	2.82	96915902	328400800.00
2010/12/13	2.82	2.90	2.78	2.86	153293464	526283168.00
2010/12/14	2.88	2.95	2.84	2.92	200292523	698609472.00
2010/12/15	2.90	2.92	2.85	2.85	123081588	426642656.00
2010/12/16	2.85	2.92	2.84	2.88	144894639	504924352.00
2010/12/17	2.88	2.92	2.87	2.88	84966253	295872096.00
2010/12/20	2.89	2.91	2.77	2.80	142038006	482682144.00
2010/12/21	2.81	2.84	2.78	2.83	83326490	282646272.00
2010/12/22	2.84	2.89	2.82	2.82	88352831	302923552.00
2010/12/23	2.85	2.87	2.81	2.82	75043523	256217328.00
2010/12/24	2.81	2.82	2.77	2.79	65064994	218164096.00
2010/12/27	2.78	2.82	2.69	2.70	97978731	325345280.00
2010/12/28	2.70	2.70	2.59	2.61	98447213	312062752.00
2010/12/29	2.61	2.63	2.58	2.62	55154474	173424784.00
2010/12/30	2.62	2.62	2.56	2.59	67769947	211362192.00
2010/12/31	2.60	2.62	2.59	2.62	72894396	228876240.00
2011/01/04	2.62	2.66	2.59	2.65	82331100	260783072.00
2011/01/05	2.63	2.63	2.61	2.62	61307668	193383616.00
2011/01/06	2.62	2.71	2.60	2.65	103312180	331056416.00
2011/01/07	2.63	2.67	2.62	2.63	76460207	242700624.00
2011/01/10	2.63	2.63	2.57	2.58	57400456	180094832.00
2011/01/11	2.57	2.59	2.55	2.57	55817558	172436992.00
2011/01/12	2.57	2.61	2.56	2.59	45511208	141538176.00
2011/01/13	2.60	2.61	2.57	2.57	39544922	122807152.00
2011/01/14	2.57	2.57	2.53	2.54	53711522	164484192.00
2011/01/17	2.52	2.53	2.47	2.47	71991465	216093104.00
2011/01/18	2.47	2.49	2.45	2.49	39225498	116936280.00
2011/01/19	2.49	2.52	2.47	2.52	51114078	153567584.00
2011/01/20	2.51	2.51	2.42	2.42	72414055	214159248.00
2011/01/21	2.41	2.46	2.40	2.46	58776976	172781696.00
2011/01/24	2.46	2.52	2.43	2.48	65308253	195312992.00
2011/01/25	2.47	2.48	2.44	2.46	36770708	108850856.00
2011/01/26	2.46	2.49	2.44	2.48	31262485	93256552.00
2011/01/27	2.47	2.52	2.45	2.50	63266002	189727568.00
2011/01/28	2.50	2.51	2.47	2.48	49309763	147229312.00
2011/01/31	2.46	2.48	2.45	2.47	53898289	160178864.00
2011/02/01	2.47	2.48	2.46	2.47	36311625	107882608.00
2011/02/09	2.45	2.49	2.44	2.46	45715063	135725856.00
2011/02/10	2.46	2.51	2.45	2.51	66314639	197927824.00
2011/02/11	2.50	2.53	2.48	2.52	75198113	226761152.00
2011/02/14	2.52	2.57	2.51	2.55	99083969	303130976.00
2011/02/15	2.56	2.60	2.54	2.54	89077012	275497664.00
2011/02/16	2.55	2.61	2.53	2.61	122705064	382160000.00
2011/02/17	2.60	2.61	2.56	2.57	73675579	228293856.00
2011/02/18	2.57	2.57	2.53	2.55	60951741	187126592.00
2011/02/21	2.54	2.59	2.53	2.58	84005176	259300944.00
2011/02/22	2.57	2.58	2.51	2.52	86375073	263547088.00
2011/02/23	2.50	2.57	2.49	2.53	73464451	223303760.00
2011/02/24	2.52	2.53	2.51	2.52	51889893	157515024.00
2011/02/25	2.52	2.56	2.51	2.53	59195647	180719760.00
2011/02/28	2.54	2.57	2.52	2.55	75399039	231469648.00
2011/03/01	2.55	2.61	2.54	2.57	99761209	308974112.00
2011/03/02	2.56	2.57	2.52	2.56	66443157	203639008.00
2011/03/03	2.56	2.57	2.52	2.52	64154585	196252656.00
2011/03/04	2.52	2.58	2.52	2.57	97311851	300231744.00
2011/03/07	2.59	2.83	2.58	2.73	403566252	1310459008.00
2011/03/08	2.73	2.87	2.71	2.81	329869347	1113415808.00
2011/03/09	2.81	2.84	2.75	2.77	135412682	452479392.00
2011/03/10	2.77	2.83	2.74	2.83	159245613	535271488.00
2011/03/11	2.82	2.86	2.76	2.77	172672178	581507136.00
2011/03/14	2.91	2.96	2.82	2.85	249060280	862218752.00
2011/03/15	2.84	2.84	2.68	2.77	186572692	615967488.00
2011/03/16	2.76	2.92	2.72	2.89	277860222	954405504.00
2011/03/17	2.85	2.89	2.78	2.80	163616534	557109760.00
2011/03/18	2.83	2.85	2.77	2.79	80145244	269679168.00
2011/03/21	2.77	2.80	2.72	2.77	120672391	400084704.00
2011/03/22	2.77	2.78	2.72	2.76	86196924	285910912.00
2011/03/23	2.77	2.78	2.72	2.78	90797205	301799936.00
2011/03/24	2.77	2.78	2.74	2.77	73266732	243250640.00
2011/03/25	2.76	2.78	2.74	2.77	111076464	369218688.00
2011/03/28	2.77	2.77	2.72	2.72	108606081	358199968.00
2011/03/29	2.71	2.77	2.71	2.73	98614135	325586432.00
2011/03/30	2.72	2.74	2.71	2.72	64856036	212867936.00
2011/03/31	2.72	2.73	2.64	2.65	92881459	299168992.00
2011/04/01	2.64	2.68	2.63	2.67	44302227	142179376.00
2011/04/06	2.66	2.70	2.65	2.69	67012370	215774608.00
2011/04/07	2.69	2.69	2.66	2.67	59768420	192032912.00
2011/04/08	2.67	2.70	2.66	2.70	62663803	202348320.00
2011/04/11	2.69	2.75	2.69	2.72	98644050	322647264.00
2011/04/12	2.72	2.79	2.67	2.75	138465715	456545984.00
2011/04/13	2.73	2.81	2.72	2.81	142250190	476710784.00
2011/04/14	2.80	2.83	2.77	2.78	108369662	364960576.00
2011/04/15	2.76	2.76	2.68	2.72	157588333	515619328.00
2011/04/18	2.70	2.73	2.69	2.72	73457992	239789808.00
2011/04/19	2.70	2.81	2.67	2.77	191890907	635047424.00
2011/04/20	2.76	2.77	2.72	2.73	100509931	333190176.00
2011/04/21	2.74	2.79	2.72	2.76	100582346	334423232.00
2011/04/22	2.75	2.75	2.71	2.72	87872977	288157632.00
2011/04/25	2.72	2.76	2.66	2.68	94667845	307841472.00
2011/04/26	2.67	2.69	2.64	2.65	77390394	248043616.00
2011/04/27	2.66	2.67	2.58	2.61	76260487	241924448.00
2011/04/28	2.62	2.62	2.56	2.56	75315030	234632112.00
2011/04/29	2.57	2.60	2.56	2.60	59962125	186071088.00
2011/05/03	2.60	2.64	2.58	2.62	60097424	189099040.00
2011/05/04	2.62	2.62	2.57	2.58	58200231	181696064.00
2011/05/05	2.57	2.59	2.55	2.57	57371420	177221392.00
2011/05/06	2.57	2.67	2.56	2.65	118844309	377115712.00
2011/05/09	2.65	2.66	2.62	2.64	52277009	166001904.00
2011/05/10	2.64	2.64	2.62	2.62	36002485	113872856.00
2011/05/11	2.63	2.67	2.62	2.64	55921793	178195040.00
2011/05/12	2.63	2.65	2.60	2.62	50673505	160333600.00
2011/05/13	2.60	2.65	2.60	2.65	62856779	199080752.00
2011/05/16	2.64	2.69	2.63	2.64	56109038	179669360.00
2011/05/17	2.63	2.73	2.62	2.70	130247254	422491008.00
2011/05/18	2.68	2.71	2.67	2.68	66961723	216681312.00
2011/05/19	2.69	2.72	2.67	2.68	55956895	181548368.00
2011/05/20	2.68	2.69	2.63	2.66	55106267	176127008.00
2011/05/23	2.65	2.65	2.55	2.56	76374740	237626192.00
2011/05/24	2.56	2.57	2.53	2.57	44697049	137390752.00
2011/05/25	2.57	2.58	2.53	2.54	37588607	115778392.00
2011/05/26	2.55	2.57	2.53	2.53	33447358	102545904.00
2011/05/27	2.53	2.55	2.50	2.51	46653378	141503536.00
2011/05/31	2.51	2.54	2.50	2.54	45509975	137897792.00
2011/06/01	2.53	2.54	2.52	2.52	30530540	92782768.00
2011/06/02	2.50	2.52	2.47	2.51	47082977	141787152.00
2011/06/03	2.51	2.54	2.50	2.53	55941757	169791488.00
2011/06/07	2.52	2.53	2.51	2.52	32341771	98166560.00
2011/06/08	2.52	2.59	2.50	2.57	85885933	262882480.00
2011/06/09	2.55	2.56	2.51	2.51	53717669	163994384.00
2011/06/10	2.51	2.53	2.50	2.52	31112310	94149440.00
2011/06/13	2.52	2.55	2.48	2.55	47620011	144235856.00
2011/06/14	2.55	2.61	2.54	2.60	110634161	344417728.00
2011/06/15	2.59	2.60	2.57	2.57	49021919	152441648.00
2011/06/16	2.57	2.62	2.56	2.60	86033907	269305856.00
2011/06/17	2.60	2.63	2.58	2.58	91468836	287468384.00
2011/06/20	2.58	2.61	2.55	2.57	68523867	177060064.00
2011/06/21	2.57	2.60	2.55	2.58	54594907	141364736.00
2011/06/22	2.58	2.59	2.53	2.57	58297458	149493296.00
2011/06/23	2.56	2.61	2.53	2.59	80233026	206755936.00
2011/06/24	2.58	2.65	2.56	2.62	133460465	349789728.00
2011/06/27	2.63	2.67	2.62	2.64	97803135	259779280.00
2011/06/28	2.64	2.65	2.61	2.63	51260244	135162032.00
2011/06/29	2.63	2.67	2.61	2.62	72339733	191682400.00
2011/06/30	2.67	2.78	2.66	2.72	217264878	594798400.00
2011/07/01	2.70	2.72	2.69	2.70	83246159	225693888.00
2011/07/04	2.70	2.73	2.69	2.73	104195964	283387360.00
2011/07/05	2.72	2.73	2.68	2.69	89981394	243356704.00
2011/07/06	2.68	2.69	2.65	2.67	72054745	192825344.00
2011/07/07	2.67	2.67	2.64	2.64	75410988	200988032.00
2011/07/08	2.65	2.67	2.64	2.66	49389114	131699616.00
2011/07/11	2.65	2.66	2.63	2.65	46603112	123860720.00
2011/07/12	2.64	2.65	2.60	2.61	73591169	193142368.00
2011/07/13	2.60	2.64	2.60	2.63	59195548	156081712.00
2011/07/14	2.64	2.66	2.62	2.65	85978434	227963232.00
2011/07/15	2.64	2.65	2.62	2.64	69215511	182797856.00
2011/07/18	2.64	2.65	2.62	2.63	58748458	155206608.00
2011/07/19	2.62	2.64	2.60	2.61	72537828	190328752.00
2011/07/20	2.61	2.63	2.55	2.59	65682531	170811744.00
2011/07/21	2.58	2.59	2.56	2.56	45986683	118522456.00
2011/07/22	2.56	2.59	2.56	2.57	48396605	124973952.00
2011/07/25	2.56	2.57	2.46	2.48	86387816	218001040.00
2011/07/26	2.47	2.56	2.44	2.53	73470468	184101616.00
2011/07/27	2.51	2.52	2.49	2.51	43351794	108942432.00
2011/07/28	2.49	2.49	2.45	2.47	43798232	108646904.00
2011/07/29	2.47	2.49	2.45	2.48	40927641	101395304.00
2011/08/01	2.47	2.49	2.46	2.47	27746317	68987320.00
2011/08/02	2.47	2.48	2.42	2.46	48698015	119500104.00
2011/08/03	2.44	2.46	2.42	2.44	39473215	96746632.00
2011/08/04	2.44	2.45	2.42	2.43	43119446	105403664.00
2011/08/05	2.37	2.38	2.31	2.32	107522289	252245728.00
2011/08/08	2.29	2.30	2.10	2.15	129102127	285615520.00
2011/08/09	2.07	2.14	2.03	2.12	123221683	258732752.00
2011/08/10	2.15	2.17	2.11	2.13	103924418	223865200.00
2011/08/11	2.08	2.23	2.07	2.19	147599189	320377792.00
2011/08/12	2.33	2.41	2.31	2.41	136970282	329149952.00
2011/08/15	2.59	2.65	2.50	2.54	597424906	1550479744.00
2011/08/16	2.53	2.53	2.42	2.49	289899798	715793728.00
2011/08/17	2.44	2.57	2.43	2.51	226896384	569362048.00
2011/08/18	2.48	2.50	2.41	2.41	150155188	368829056.00
2011/08/19	2.34	2.38	2.33	2.36	101899528	240507344.00
2011/08/22	2.36	2.39	2.30	2.31	81906374	193130816.00
2011/08/23	2.31	2.37	2.30	2.37	70622984	166092768.00
2011/08/24	2.38	2.38	2.32	2.33	80322865	189408896.00
2011/08/25	2.34	2.42	2.32	2.40	124419029	297239616.00
2011/08/26	2.38	2.40	2.37	2.40	72419116	173327376.00
2011/08/29	2.38	2.53	2.37	2.48	177452165	437144032.00
2011/08/30	2.52	2.52	2.38	2.38	158201726	387584960.00
2011/08/31	2.37	2.39	2.32	2.34	67211699	158469232.00
2011/09/01	2.35	2.36	2.31	2.32	52532943	123153536.00
2011/09/02	2.31	2.32	2.26	2.28	60832615	139260976.00
2011/09/05	2.25	2.26	2.23	2.23	39383434	88634016.00
2011/09/06	2.21	2.27	2.20	2.25	42056778	94798664.00
2011/09/07	2.25	2.30	2.25	2.30	45061243	103460688.00
2011/09/08	2.31	2.32	2.25	2.25	41723781	95349720.00
2011/09/09	2.27	2.29	2.23	2.24	46935145	106195672.00
2011/09/13	2.21	2.22	2.18	2.21	32883300	72663272.00
2011/09/14	2.21	2.23	2.17	2.23	42681187	94270256.00
2011/09/15	2.22	2.24	2.20	2.21	38967823	86834216.00
2011/09/16	2.23	2.23	2.19	2.19	27843885	61780628.00
2011/09/19	2.19	2.19	2.12	2.14	45453537	97908960.00
2011/09/20	2.13	2.15	2.11	2.14	28302387	60693428.00
2011/09/21	2.13	2.21	2.11	2.20	61057292	132972336.00
2011/09/22	2.17	2.19	2.13	2.14	45067796	97864696.00
2011/09/23	2.11	2.14	2.10	2.13	38051067	81140936.00
2011/09/26	2.12	2.20	2.11	2.14	59676902	129588928.00
2011/09/27	2.16	2.17	2.13	2.15	40128624	86648640.00
2011/09/28	2.16	2.17	2.11	2.12	38708208	83164920.00
2011/09/29	2.12	2.12	2.06	2.07	45484988	95407680.00
2011/09/30	2.08	2.13	2.07	2.11	39971301	84245200.00
2011/10/10	2.14	2.16	2.12	2.14	62321579	134225648.00
2011/10/11	2.18	2.20	2.15	2.16	77691212	169750784.00
2011/10/12	2.15	2.21	2.14	2.21	81093397	178310288.00
2011/10/13	2.20	2.27	2.19	2.23	99060995	222161600.00
2011/10/14	2.21	2.23	2.17	2.22	61161368	134955792.00
2011/10/17	2.22	2.23	2.18	2.19	37400823	82751784.00
2011/10/18	2.17	2.19	2.14	2.14	38557285	83867512.00
2011/10/19	2.15	2.16	2.13	2.14	32175521	69314120.00
2011/10/20	2.13	2.14	2.08	2.10	47773246	100763728.00
2011/10/21	2.10	2.11	2.08	2.09	33494202	70384152.00
2011/10/24	2.09	2.14	2.07	2.13	41191378	87082776.00
2011/10/25	2.12	2.17	2.10	2.16	61798606	132775904.00
2011/10/26	2.16	2.22	2.16	2.17	85841070	188692080.00
2011/10/27	2.17	2.19	2.16	2.18	57285364	125280600.00
2011/10/28	2.20	2.21	2.18	2.21	70687817	156095504.00
2011/10/31	2.19	2.20	2.16	2.17	67573304	147417840.00
2011/11/01	2.16	2.19	2.15	2.18	53274737	116157784.00
2011/11/02	2.15	2.19	2.12	2.19	80530906	173999472.00
2011/11/03	2.19	2.22	2.18	2.20	116134257	256678112.00
2011/11/04	2.21	2.22	2.19	2.21	77117475	170630544.00
2011/11/07	2.20	2.22	2.18	2.20	69947927	154659632.00
2011/11/08	2.20	2.21	2.17	2.17	53598390	117503472.00
2011/11/09	2.17	2.19	2.14	2.18	47688970	103662464.00
2011/11/10	2.16	2.16	2.13	2.14	53344409	114988128.00
2011/11/11	2.14	2.16	2.13	2.15	33473232	72086816.00
2011/11/14	2.16	2.18	2.15	2.18	45255508	98648040.00
2011/11/16	2.19	2.27	2.18	2.21	198127167	442031616.00
2011/11/17	2.19	2.22	2.16	2.17	71704656	157632928.00
2011/11/18	2.16	2.17	2.09	2.11	81271755	173182320.00
2011/11/21	2.11	2.12	2.09	2.11	40699941	85996416.00
2011/11/22	2.11	2.16	2.10	2.13	61520911	131962600.00
2011/11/23	2.13	2.13	2.07	2.08	73413551	154376208.00
2011/11/24	2.07	2.09	2.05	2.07	47765763	99266560.00
2011/11/25	2.07	2.07	2.04	2.06	43073088	89014840.00
2011/11/28	2.06	2.07	2.04	2.06	40774399	84121976.00
2011/11/29	2.07	2.08	2.06	2.07	30204860	62825676.00
2011/11/30	2.07	2.08	1.99	2.01	66118950	134688960.00
2011/12/01	2.05	2.07	2.03	2.04	54023549	111295624.00
2011/12/02	2.03	2.04	2.01	2.02	33543202	68033352.00
2011/12/05	2.02	2.02	1.98	1.98	42941503	85881808.00
2011/12/06	1.98	1.99	1.95	1.98	38170004	75593800.00
2011/12/07	1.98	1.99	1.96	1.98	33004018	65448600.00
2011/12/08	1.97	1.98	1.94	1.97	31577686	62249860.00
2011/12/09	1.95	1.96	1.91	1.93	37518504	73104576.00
2011/12/12	1.93	1.93	1.88	1.89	48363590	92677024.00
2011/12/13	1.88	1.88	1.81	1.82	59893632	110723208.00
2011/12/14	1.82	1.84	1.80	1.81	35307504	64464544.00
2011/12/15	1.80	1.80	1.73	1.74	58849932	103664112.00
2011/12/16	1.74	1.79	1.73	1.79	46663928	82284992.00
2011/12/19	1.78	1.78	1.72	1.78	50417903	88757296.00
2011/12/20	1.76	1.78	1.75	1.77	53453367	94970320.00
2011/12/21	1.78	1.79	1.73	1.73	45221155	80060240.00
2011/12/22	1.71	1.73	1.65	1.70	63011942	107217680.00
2011/12/23	1.69	1.73	1.68	1.70	46558665	79716432.00
2011/12/26	1.71	1.74	1.68	1.71	42690661	73594552.00
2011/12/27	1.71	1.71	1.68	1.69	35675958	60729712.00
2011/12/28	1.68	1.70	1.66	1.70	46502672	78624000.00
2011/12/29	1.68	1.70	1.68	1.68	39566902	67114192.00
2011/12/30	1.69	1.71	1.68	1.70	61225114	104212656.00
2012/01/04	1.71	1.71	1.66	1.66	42078122	71382896.00
2012/01/05	1.65	1.66	1.63	1.63	43823822	72407824.00
2012/01/06	1.63	1.64	1.60	1.64	38326452	62441884.00
2012/01/09	1.63	1.70	1.62	1.69	63753676	106506360.00
2012/01/10	1.68	1.85	1.67	1.81	136024061	243814768.00
2012/01/11	1.80	1.81	1.75	1.77	82982334	148490048.00
2012/01/12	1.76	1.79	1.75	1.76	50862128	90590552.00
2012/01/13	1.76	1.77	1.70	1.71	53469898	93287896.00
2012/01/16	1.70	1.71	1.68	1.68	34311244	58350364.00
2012/01/17	1.67	1.78	1.67	1.77	65272157	113912560.00
2012/01/18	1.78	1.80	1.74	1.75	59278742	105247160.00
2012/01/19	1.75	1.78	1.74	1.77	41995323	74563968.00
2012/01/20	1.77	1.79	1.76	1.78	33448501	59722344.00
2012/01/30	1.78	1.79	1.76	1.77	34214508	61077108.00
2012/01/31	1.79	1.84	1.79	1.80	71691878	130586120.00
2012/02/01	1.79	1.80	1.76	1.77	39041785	69944184.00
2012/02/02	1.77	1.80	1.76	1.80	30629904	54742356.00
2012/02/03	1.79	1.81	1.78	1.80	52966026	95642288.00
2012/02/06	1.80	1.81	1.79	1.80	43994211	79527584.00
2012/02/07	1.79	1.80	1.75	1.76	52510486	93295048.00
2012/02/08	1.76	1.80	1.75	1.79	59180237	105784112.00
2012/02/09	1.79	1.82	1.77	1.80	81693513	147859056.00
2012/02/10	1.79	1.82	1.78	1.80	66646100	120923824.00
2012/02/13	1.79	1.86	1.78	1.84	131640605	242058784.00
2012/02/14	1.83	1.84	1.80	1.81	76538810	139648560.00
2012/02/15	1.81	1.91	1.80	1.89	205866180	387944640.00
2012/02/16	1.88	1.90	1.85	1.87	109776955	207038624.00
2012/02/17	1.88	1.89	1.83	1.85	83859873	156352048.00
2012/02/20	1.87	1.94	1.86	1.89	154183224	294166112.00
2012/02/21	1.87	1.92	1.87	1.92	109855274	209551504.00
2012/02/22	1.92	1.94	1.90	1.94	127699356	247241264.00
2012/02/23	1.93	1.94	1.90	1.91	104347925	200878032.00
2012/02/24	1.92	1.95	1.89	1.94	141787198	273467008.00
2012/02/27	1.94	2.04	1.93	1.99	220316783	440222176.00
2012/02/28	1.97	2.00	1.95	1.97	135824687	269854528.00
2012/02/29	1.96	1.97	1.93	1.94	93844105	183492944.00
2012/03/01	1.93	1.96	1.92	1.95	46605496	91180752.00
2012/03/02	1.95	2.00	1.94	1.99	86900776	172520784.00
2012/03/05	1.99	2.01	1.97	1.97	88636131	176943024.00
2012/03/06	1.96	1.96	1.92	1.93	80370167	156423952.00
2012/03/07	1.91	1.94	1.90	1.91	64091280	123602560.00
2012/03/08	1.92	1.94	1.91	1.94	50004315	96993648.00
2012/03/09	1.94	2.01	1.93	1.99	172356075	343447168.00
2012/03/12	1.99	2.03	1.96	1.98	109310778	218652912.00
2012/03/13	1.98	1.99	1.96	1.99	62161948	123310200.00
2012/03/14	1.99	2.00	1.90	1.91	120752654	237226432.00
2012/03/15	1.91	1.93	1.85	1.86	94015452	177591584.00
2012/03/16	1.86	1.90	1.85	1.89	61148545	115419216.00
2012/03/19	1.89	1.90	1.87	1.89	44137326	83560936.00
2012/03/20	1.88	1.89	1.85	1.86	47875830	89891384.00
2012/03/21	1.86	1.88	1.84	1.86	58842123	109820040.00
2012/03/22	1.85	1.90	1.84	1.90	78614210	147723328.00
2012/03/23	1.88	1.89	1.85	1.88	54962800	103364296.00
2012/03/26	1.87	1.88	1.84	1.86	52696782	98561696.00
2012/03/27	1.86	1.88	1.85	1.87	40961119	76790688.00
2012/03/28	1.86	1.86	1.78	1.79	72696764	132423704.00
2012/03/29	1.78	1.79	1.72	1.74	58033217	102089640.00
2012/03/30	1.73	1.75	1.73	1.74	37024548	64752860.00
2012/04/05	1.74	1.78	1.73	1.77	41723908	74083376.00
2012/04/06	1.77	1.79	1.76	1.79	37242299	66584568.00
2012/04/09	1.78	1.80	1.77	1.78	37893446	68000064.00
2012/04/10	1.77	1.84	1.77	1.82	59051975	107236768.00
2012/04/11	1.80	1.84	1.78	1.84	55848612	101787536.00
2012/04/12	1.84	1.88	1.83	1.85	75677063	141231536.00
2012/04/13	1.85	1.87	1.84	1.86	48671922	90724712.00
2012/04/16	1.85	1.86	1.82	1.84	66427062	122878080.00
2012/04/17	1.84	1.85	1.82	1.82	55260542	101640896.00
2012/04/18	1.83	1.86	1.81	1.85	63184065	117110392.00
2012/04/19	1.85	1.86	1.84	1.85	44471550	82785736.00
2012/04/20	1.84	1.88	1.84	1.87	60066956	112426000.00
2012/04/23	1.87	1.87	1.84	1.84	57898477	107834496.00
2012/04/24	1.84	1.86	1.80	1.82	56242621	103226304.00
2012/04/25	1.82	1.84	1.80	1.83	40945950	74926736.00
2012/04/26	1.83	1.84	1.81	1.81	40909432	74717592.00
2012/04/27	1.81	1.82	1.78	1.80	42893385	77431312.00
2012/05/02	1.81	1.82	1.80	1.81	55050238	100156512.00
2012/05/03	1.81	1.81	1.77	1.79	66666711	119911384.00
2012/05/04	1.78	1.81	1.78	1.81	44501193	80379776.00
2012/05/07	1.79	1.81	1.79	1.80	40944354	74021560.00
2012/05/08	1.80	1.81	1.78	1.79	38030363	68450944.00
2012/05/09	1.78	1.79	1.75	1.76	48310440	85777040.00
2012/05/10	1.76	1.77	1.75	1.77	28889942	51187324.00
2012/05/11	1.76	1.77	1.75	1.75	23139971	40956500.00
2012/05/14	1.76	1.77	1.75	1.75	27582660	48803676.00
2012/05/15	1.74	1.75	1.73	1.75	36552398	63997336.00
2012/05/16	1.75	1.78	1.74	1.74	44419228	78681136.00
2012/05/17	1.75	1.77	1.74	1.77	34408050	60811428.00
2012/05/18	1.75	1.77	1.74	1.75	30120358	53137536.00
2012/05/21	1.75	1.76	1.74	1.75	27438793	48294620.00
2012/05/22	1.76	1.76	1.74	1.76	23918055	42104596.00
2012/05/23	1.75	1.77	1.75	1.77	45059583	79801328.00
2012/05/24	1.76	1.77	1.75	1.76	31188179	55192552.00
2012/05/25	1.75	1.76	1.73	1.74	31706074	55491660.00
2012/05/28	1.73	1.74	1.71	1.74	34447151	59711956.00
2012/05/29	1.74	1.79	1.73	1.77	67426503	119991272.00
2012/05/31	1.76	1.84	1.75	1.83	168781056	307274720.00
2012/06/01	1.81	1.83	1.81	1.81	58849357	107642912.00
2012/06/04	1.80	1.81	1.76	1.77	43732269	78638448.00
2012/06/05	1.77	1.78	1.76	1.77	22878387	40723608.00
2012/06/06	1.77	1.84	1.77	1.83	84201844	154292656.00
2012/06/07	1.84	1.84	1.80	1.81	42161892	77059872.00
2012/06/08	1.82	1.87	1.80	1.84	105601211	195470496.00
2012/06/11	1.84	1.90	1.83	1.89	111545458	210891008.00
2012/06/12	1.88	1.96	1.87	1.94	177965034	344380416.00
2012/06/13	1.93	1.97	1.91	1.95	122848021	240250752.00
2012/06/14	1.95	1.95	1.91	1.92	62103069	120463456.00
2012/06/15	1.92	1.92	1.87	1.89	88383897	167931776.00
2012/06/18	1.89	1.92	1.88	1.89	54435026	104056432.00
2012/06/19	1.89	1.95	1.87	1.92	71643503	138317488.00
2012/06/20	1.92	1.94	1.91	1.92	37229341	72034712.00
2012/06/21	1.92	1.92	1.88	1.89	38561740	73399048.00
2012/06/25	1.88	1.89	1.85	1.85	35299680	66386136.00
2012/06/26	1.85	1.87	1.82	1.86	31641382	58699596.00
2012/06/27	1.85	1.88	1.84	1.85	47561624	89156528.00
2012/06/28	1.85	1.87	1.83	1.84	48675897	90609712.00
2012/06/29	1.84	1.90	1.82	1.90	79138211	147948320.00
2012/07/02	1.90	1.92	1.89	1.90	41000322	78478712.00
2012/07/03	1.90	1.91	1.87	1.89	33951495	64684316.00
2012/07/04	1.89	1.90	1.85	1.86	30865716	57956228.00
2012/07/05	1.86	1.86	1.82	1.83	34551802	63940236.00
2012/07/06	1.84	1.87	1.82	1.86	33489624	62165604.00
2012/07/09	1.85	1.87	1.83	1.84	30155131	56047056.00
2012/07/10	1.83	1.85	1.83	1.84	19316950	35775796.00
2012/07/11	1.84	1.86	1.82	1.85	19046698	35297248.00
2012/07/12	1.85	1.87	1.84	1.86	28757446	53566548.00
2012/07/13	1.86	1.86	1.82	1.83	26092494	48213328.00
2012/07/16	1.82	1.83	1.77	1.78	37378606	67682352.00
2012/07/17	1.78	1.81	1.76	1.80	22649697	40793076.00
2012/07/18	1.80	1.81	1.78	1.80	16195710	29299956.00
2012/07/19	1.81	1.83	1.80	1.81	19316549	35221720.00
2012/07/20	1.81	1.83	1.79	1.81	24487166	44497240.00
2012/07/23	1.80	1.81	1.78	1.80	17705170	31828586.00
2012/07/24	1.79	1.82	1.78	1.80	15646653	28328438.00
2012/07/25	1.79	1.81	1.77	1.78	17121176	30776210.00
2012/07/26	1.77	1.80	1.77	1.79	16033117	28804118.00
2012/07/27	1.79	1.80	1.78	1.79	13207932	23764622.00
2012/07/30	1.79	1.79	1.72	1.73	43258528	75894848.00
2012/07/31	1.73	1.73	1.69	1.70	28156240	48466856.00
2012/08/01	1.69	1.72	1.69	1.71	21275653	36589812.00
2012/08/02	1.71	1.73	1.70	1.71	18489299	31866494.00
2012/08/03	1.71	1.74	1.71	1.74	17752462	30824420.00
2012/08/06	1.73	1.76	1.72	1.75	27941332	48964728.00
2012/08/07	1.75	1.77	1.74	1.76	27966500	49404120.00
2012/08/08	1.76	1.78	1.75	1.77	26324888	46735004.00
2012/08/09	1.76	1.77	1.75	1.77	17899291	31621458.00
2012/08/10	1.76	1.77	1.76	1.76	15369771	27250794.00
2012/08/13	1.76	1.76	1.74	1.74	21781300	38435920.00
2012/08/14	1.74	1.75	1.73	1.75	20199732	35391496.00
2012/08/15	1.74	1.75	1.73	1.74	15510501	27166182.00
2012/08/16	1.74	1.75	1.72	1.73	15341012	26711256.00
2012/08/17	1.72	1.73	1.71	1.73	16806148	29048370.00
2012/08/20	1.72	1.73	1.69	1.72	22743067	39079488.00
2012/08/21	1.72	1.74	1.70	1.73	25565989	44323352.00
2012/08/22	1.72	1.73	1.71	1.72	14552226	25180640.00
2012/08/23	1.72	1.73	1.71	1.73	16925640	29303158.00
2012/08/24	1.72	1.73	1.70	1.71	18583431	31983678.00
2012/08/27	1.71	1.71	1.68	1.68	20850422	35490684.00
2012/08/28	1.68	1.73	1.67	1.72	20961977	35933600.00
2012/08/29	1.73	1.80	1.72	1.78	73657050	131781792.00
2012/08/30	1.77	1.80	1.75	1.76	43472769	77418624.00
2012/08/31	1.76	1.79	1.75	1.78	30204281	53874516.00
2012/09/03	1.77	1.78	1.76	1.77	26156183	46536168.00
2012/09/04	1.77	1.77	1.74	1.76	27429306	48435288.00
2012/09/05	1.75	1.76	1.74	1.75	23767534	41781564.00
2012/09/06	1.75	1.76	1.74	1.75	19377460	34101208.00
2012/09/07	1.75	1.84	1.75	1.81	68047057	123148568.00
2012/09/10	1.81	1.84	1.81	1.83	49029801	90194048.00
2012/09/11	1.83	1.83	1.80	1.82	31587994	57503756.00
2012/09/12	1.82	1.84	1.81	1.83	29458660	54093716.00
2012/09/13	1.83	1.89	1.82	1.86	80816980	151793424.00
2012/09/14	1.88	2.05	1.85	2.05	271485152	544333184.00
2012/09/17	2.08	2.11	1.98	2.00	223394954	456416320.00
2012/09/18	1.98	2.03	1.92	1.93	165988263	329566912.00
2012/09/19	1.93	2.02	1.92	1.97	125693208	249122400.00
2012/09/20	1.95	1.96	1.91	1.92	68028474	132014264.00
2012/09/21	1.91	1.93	1.86	1.88	69421125	132106072.00
2012/09/24	1.86	1.90	1.85	1.88	44336006	83516736.00
2012/09/25	1.87	1.90	1.86	1.88	32029641	60482012.00
2012/09/26	1.88	1.88	1.82	1.83	43936919	81547320.00
2012/09/27	1.83	1.91	1.82	1.88	54067466	101650872.00
2012/09/28	1.86	1.91	1.86	1.90	46245711	87730840.00
2012/10/08	1.89	1.90	1.85	1.86	38711550	72905760.00
2012/10/09	1.87	1.94	1.86	1.93	64938605	124912832.00
2012/10/10	1.92	2.04	1.91	2.00	131223488	263993008.00
2012/10/11	1.98	2.01	1.94	1.95	76743137	151948352.00
2012/10/12	1.95	2.00	1.93	1.97	43468408	85814392.00
2012/10/15	1.97	2.05	1.96	2.02	70861916	143258736.00
2012/10/16	2.01	2.03	1.97	2.00	50329873	101129584.00
2012/10/17	2.00	2.02	1.94	1.96	75716653	149429744.00
2012/10/18	1.96	2.12	1.95	2.08	212383372	438982240.00
2012/10/19	2.07	2.10	2.04	2.07	109268176	227366896.00
2012/10/22	2.06	2.14	2.04	2.12	119979296	253320752.00
2012/10/23	2.11	2.16	2.09	2.10	106535050	227119872.00
2012/10/24	2.08	2.14	2.07	2.11	80035064	170480992.00
2012/10/25	2.12	2.18	2.11	2.12	103439155	222710784.00
2012/10/26	2.12	2.12	2.04	2.04	83229157	172940352.00
2012/10/29	2.03	2.06	2.00	2.03	54871338	111933408.00
2012/10/30	2.04	2.07	2.01	2.03	54863403	112165352.00
2012/10/31	2.03	2.23	2.02	2.17	180011622	388392032.00
2012/11/01	2.16	2.19	2.13	2.17	102072479	222020304.00
2012/11/02	2.17	2.22	2.14	2.17	97762691	213427728.00
2012/11/05	2.17	2.24	2.16	2.20	116639126	258102288.00
2012/11/06	2.20	2.29	2.18	2.27	178985779	404433152.00
2012/11/07	2.27	2.28	2.20	2.21	109077582	245596208.00
2012/11/08	2.19	2.24	2.17	2.18	98011901	217335424.00
2012/11/09	2.17	2.23	2.17	2.23	63684949	141446304.00
2012/11/12	2.23	2.27	2.21	2.24	70390582	158460224.00
2012/11/13	2.24	2.24	2.18	2.18	70245851	155618896.00
2012/11/14	2.17	2.21	2.15	2.20	64203886	140451856.00
2012/11/15	2.18	2.23	2.16	2.17	50458652	110894176.00
2012/11/16	2.17	2.19	2.11	2.17	82956418	179054288.00
2012/11/19	2.16	2.17	2.12	2.15	51948072	112137344.00
2012/11/20	2.16	2.18	2.12	2.13	48808758	105248960.00
2012/11/21	2.14	2.19	2.13	2.19	64466583	140204240.00
2012/11/22	2.18	2.18	2.14	2.14	40208983	87075016.00
2012/11/23	2.14	2.16	2.13	2.13	29591929	63781776.00
2012/11/26	2.13	2.13	2.04	2.04	76258076	159538320.00
2012/11/27	2.02	2.07	2.01	2.03	53498635	109682088.00
2012/11/28	2.02	2.03	1.97	1.99	72919633	145973872.00
2012/11/29	1.99	2.01	1.98	1.99	35617366	71529552.00
2012/11/30	1.99	2.05	1.98	2.05	45422086	92523968.00
2012/12/03	2.03	2.06	2.02	2.03	31550793	64774728.00
2012/12/04	2.04	2.11	2.03	2.09	53057630	110705504.00
2012/12/05	2.08	2.26	2.07	2.20	130993753	285714816.00
2012/12/06	2.18	2.22	2.18	2.19	60470451	133659304.00
2012/12/07	2.19	2.23	2.18	2.22	72410534	160505184.00
2012/12/10	2.22	2.23	2.20	2.23	59281391	131952616.00
2012/12/11	2.23	2.24	2.16	2.17	71131870	156280768.00
2012/12/12	2.16	2.18	2.13	2.17	50589599	109447488.00
2012/12/13	2.16	2.16	2.04	2.08	104256840	220496912.00
2012/12/14	2.08	2.17	2.07	2.16	103599620	223081840.00
2012/12/17	2.16	2.20	2.11	2.14	101094003	217773088.00
2012/12/18	2.12	2.19	2.10	2.17	103939023	224543856.00
2012/12/19	2.17	2.17	2.14	2.15	41630879	90107408.00
2012/12/20	2.14	2.15	2.10	2.13	59517543	126972264.00
2012/12/24	2.16	2.34	2.15	2.24	204036910	461752160.00
2012/12/25	2.20	2.26	2.16	2.23	149644184	333074368.00
2012/12/26	2.23	2.25	2.19	2.23	135060188	301115040.00
2012/12/27	2.25	2.28	2.22	2.25	121241630	273767744.00
2012/12/28	2.25	2.26	2.23	2.25	78819140	177880880.00
2012/12/31	2.26	2.27	2.24	2.26	91713365	207734624.00
2013/01/04	2.28	2.28	2.20	2.23	84893996	190221056.00
2013/01/07	2.23	2.27	2.19	2.25	88997127	200594672.00
2013/01/08	2.26	2.33	2.23	2.32	143067841	329980896.00
2013/01/09	2.31	2.33	2.27	2.29	76110960	175752960.00
2013/01/10	2.30	2.33	2.27	2.29	75734117	174844880.00
2013/01/11	2.29	2.31	2.25	2.26	71473179	163677504.00
2013/01/14	2.25	2.33	2.24	2.31	94213710	217644000.00
2013/01/15	2.31	2.36	2.29	2.33	120128028	279985312.00
2013/01/16	2.33	2.47	2.32	2.40	185974091	449487808.00
2013/01/17	2.39	2.46	2.36	2.44	111136150	270821792.00
2013/01/18	2.44	2.50	2.41	2.48	108312551	268559040.00
2013/01/21	2.48	2.49	2.43	2.45	83543997	205750848.00
2013/01/22	2.44	2.45	2.35	2.37	105481011	252993488.00
2013/01/23	2.36	2.40	2.33	2.37	96362733	228668304.00
2013/01/24	2.35	2.40	2.31	2.33	104487040	247376112.00
2013/01/25	2.34	2.37	2.33	2.36	53624882	126823904.00
2013/01/28	2.35	2.41	2.34	2.40	58664676	140839712.00
2013/01/29	2.39	2.44	2.37	2.40	61541554	148382608.00
2013/01/30	2.40	2.40	2.37	2.39	37574974	89864832.00
2013/01/31	2.39	2.39	2.35	2.37	43079332	102613784.00
2013/02/01	2.36	2.37	2.33	2.35	58657866	138209520.00
2013/02/04	2.35	2.36	2.28	2.29	94814875	219701568.00
2013/02/05	2.29	2.33	2.28	2.30	97858263	226204768.00
2013/02/06	2.30	2.31	2.27	2.29	54888080	125933768.00
2013/02/07	2.29	2.33	2.28	2.32	47803308	111000312.00
2013/02/08	2.32	2.36	2.31	2.34	52533910	123549952.00
2013/02/18	2.36	2.37	2.33	2.35	44591612	104889328.00
2013/02/19	2.35	2.38	2.31	2.38	66246013	155890768.00
2013/02/20	2.37	2.43	2.36	2.40	62676470	151182672.00
2013/02/21	2.39	2.40	2.30	2.32	66815895	156648608.00
2013/02/22	2.32	2.37	2.29	2.33	57199595	133658424.00
2013/02/25	2.33	2.35	2.29	2.32	37216432	86442536.00
2013/02/26	2.30	2.34	2.28	2.29	47379865	109747224.00
2013/02/27	2.29	2.31	2.24	2.25	77134592	175409280.00
2013/02/28	2.26	2.27	2.21	2.25	97026006	217772832.00
2013/03/01	2.25	2.30	2.23	2.27	83218408	189325712.00
2013/03/04	2.26	2.27	2.19	2.21	81756864	183964768.00
2013/03/05	2.21	2.26	2.20	2.24	55157336	123723272.00
2013/03/06	2.28	2.47	2.28	2.47	358233562	878770432.00
2013/03/07	2.48	2.62	2.44	2.48	475803221	1201143936.00
2013/03/08	2.47	2.48	2.39	2.41	164877094	401090592.00
2013/03/11	2.40	2.49	2.38	2.43	101799474	250387712.00
2013/03/12	2.42	2.44	2.35	2.37	98605290	236221632.00
2013/03/13	2.37	2.38	2.30	2.38	79657804	186680672.00
2013/03/14	2.36	2.41	2.35	2.37	52348524	125077248.00
2013/03/15	2.38	2.44	2.35	2.37	93128834	224474768.00
2013/03/18	2.37	2.39	2.34	2.35	47205219	111820960.00
2013/03/19	2.34	2.43	2.33	2.42	99713690	239471520.00
2013/03/20	2.42	2.53	2.41	2.48	189665131	472917280.00
2013/03/21	2.49	2.52	2.46	2.49	114630495	285901920.00
2013/03/22	2.49	2.50	2.46	2.48	76754902	191253488.00
2013/03/25	2.47	2.50	2.44	2.46	55620174	137923904.00
2013/03/26	2.46	2.47	2.41	2.43	48527588	118445712.00
2013/03/27	2.41	2.47	2.41	2.43	62913003	153584352.00
2013/03/28	2.41	2.42	2.37	2.38	72570782	174150720.00
2013/03/29	2.38	2.41	2.38	2.39	30197983	72463400.00
2013/04/01	2.44	2.49	2.43	2.45	85300447	210425840.00
2013/04/02	2.45	2.53	2.44	2.47	176080152	438984736.00
2013/04/03	2.47	2.48	2.40	2.42	64590171	157551968.00
2013/04/08	2.39	2.44	2.38	2.44	53353484	129452312.00
2013/04/09	2.45	2.49	2.42	2.43	77098636	189773360.00
2013/04/10	2.42	2.44	2.38	2.41	52149729	125986960.00
2013/04/11	2.42	2.47	2.40	2.41	51845937	126362216.00
2013/04/12	2.40	2.42	2.39	2.40	39558462	95464048.00
2013/04/15	2.39	2.41	2.36	2.36	47795985	113944656.00
2013/04/16	2.36	2.39	2.34	2.38	57345963	135815568.00
2013/04/17	2.39	2.42	2.35	2.41	65780560	157683088.00
2013/04/18	2.39	2.43	2.39	2.43	40991194	99278176.00
2013/04/19	2.43	2.47	2.42	2.46	144463102	355785248.00
2013/04/22	2.45	2.48	2.42	2.47	156077464	383892128.00
2013/04/23	2.46	2.47	2.40	2.41	106429643	260480880.00
2013/04/24	2.41	2.49	2.41	2.49	207247100	511937280.00
2013/04/25	2.50	2.52	2.41	2.41	188520228	469005728.00
2013/04/26	2.43	2.44	2.35	2.37	113198896	270391488.00
2013/05/02	2.36	2.37	2.32	2.34	95915592	225472512.00
2013/05/03	2.34	2.40	2.34	2.37	82474040	196497088.00
2013/05/06	2.36	2.40	2.35	2.38	93513789	223153312.00
2013/05/07	2.37	2.38	2.33	2.36	56034125	132631416.00
2013/05/08	2.37	2.45	2.35	2.44	158973560	385146848.00
2013/05/09	2.43	2.44	2.39	2.41	76902220	186252784.00
2013/05/10	2.40	2.43	2.37	2.39	70981203	170581504.00
2013/05/13	2.39	2.50	2.39	2.48	346736126	857518272.00
2013/05/14	2.47	2.47	2.41	2.43	180600195	443410464.00
2013/05/15	2.43	2.47	2.42	2.44	94988249	233321888.00
2013/05/16	2.44	2.47	2.42	2.47	115732508	284734816.00
2013/05/17	2.47	2.50	2.46	2.48	221413435	551813376.00
2013/05/20	2.48	2.49	2.45	2.47	148037476	367189536.00
2013/05/21	2.47	2.56	2.45	2.54	391140311	987302016.00
2013/05/22	2.54	2.59	2.51	2.52	212530005	542368256.00
2013/05/23	2.51	2.77	2.51	2.71	976115729	2662934016.00
2013/05/24	2.68	2.74	2.68	2.72	334508569	909181824.00
2013/05/27	2.73	2.78	2.70	2.74	410367960	1129201280.00
2013/05/28	2.75	2.75	2.66	2.71	307067733	831509888.00
2013/05/29	2.69	2.73	2.67	2.71	194571586	525911008.00
2013/05/30	2.71	2.81	2.71	2.72	548483876	1511158400.00
2013/05/31	2.72	2.73	2.67	2.68	202311461	548018688.00
2013/06/03	2.70	2.75	2.68	2.71	206038054	560541120.00
2013/06/04	2.70	2.72	2.49	2.54	425042340	1100184576.00
2013/06/05	2.53	2.57	2.49	2.52	167664989	424803040.00
2013/06/06	2.51	2.56	2.50	2.50	138291915	351244128.00
2013/06/07	2.51	2.53	2.45	2.51	154363769	386219584.00
2013/06/13	2.47	2.52	2.38	2.51	180269460	441683264.00
2013/06/14	2.50	2.61	2.49	2.59	186212685	479369440.00
2013/06/17	2.58	2.64	2.54	2.58	123646137	322149376.00
2013/06/18	2.60	2.64	2.57	2.61	104037217	272110976.00
2013/06/19	2.59	2.59	2.51	2.53	104310363	266158544.00
2013/06/20	2.52	2.53	2.42	2.43	118277506	293515328.00
2013/06/21	2.38	2.41	2.34	2.39	117813391	282202656.00
2013/06/24	2.38	2.39	2.15	2.17	211864349	475554880.00
2013/06/25	2.15	2.19	1.95	2.16	233113202	490188992.00
2013/06/26	2.14	2.25	2.13	2.23	180852117	399359040.00
2013/06/27	2.24	2.28	2.17	2.18	113437169	253021648.00
2013/06/28	2.17	2.26	2.14	2.21	102762263	227117504.00
2013/07/01	2.21	2.24	2.18	2.23	113871864	252933456.00
2013/07/02	2.22	2.23	2.18	2.22	123636971	273216736.00
2013/07/03	2.21	2.26	2.19	2.24	139742271	313655328.00
2013/07/04	2.21	2.26	2.17	2.22	118916922	265090368.00
2013/07/05	2.24	2.24	2.21	2.21	73874684	165076464.00
2013/07/08	2.18	2.18	2.12	2.12	89749768	193801008.00
2013/07/09	2.12	2.14	2.11	2.12	48912635	104444680.00
2013/07/10	2.13	2.17	2.12	2.17	69090884	149080272.00
2013/07/11	2.17	2.27	2.16	2.25	145509077	326093472.00
2013/07/12	2.25	2.25	2.20	2.22	93420326	208927072.00
2013/07/15	2.28	2.33	2.25	2.26	156065205	357003712.00
2013/07/16	2.28	2.45	2.26	2.38	227482640	538140800.00
2013/07/17	2.38	2.44	2.34	2.43	173396610	416737440.00
2013/07/18	2.41	2.42	2.35	2.38	112880278	270122976.00
2013/07/25	2.21	2.32	2.15	2.18	379769795	850632000.00
2013/07/26	2.15	2.19	2.07	2.15	354589777	755628352.00
2013/07/29	2.12	2.18	2.10	2.17	213991575	459131392.00
2013/07/30	2.13	2.17	2.10	2.12	225551517	483222976.00
2013/07/31	2.12	2.13	2.07	2.08	129376595	272488832.00
2013/08/01	2.08	2.13	2.06	2.12	143048360	301299328.00
2013/08/02	2.12	2.13	2.09	2.10	111845362	237562320.00
2013/08/05	2.10	2.15	2.09	2.14	119531692	254594368.00
2013/08/06	2.14	2.17	2.12	2.16	184793749	398490880.00
2013/08/07	2.15	2.16	2.11	2.12	101760662	218195680.00
2013/08/08	2.11	2.15	2.11	2.12	87454805	186515568.00
2013/08/09	2.13	2.15	2.11	2.15	157718427	337632352.00
2013/08/12	2.16	2.21	2.13	2.20	179037946	390299936.00
2013/08/13	2.19	2.24	2.17	2.21	137781878	304186752.00
2013/08/14	2.19	2.23	2.18	2.21	138358288	306399520.00
2013/08/15	2.21	2.25	2.19	2.21	114470634	255601792.00
2013/08/16	2.19	2.24	2.17	2.18	154386980	340460800.00
2013/08/19	2.17	2.22	2.16	2.22	111700553	246087280.00
2013/08/20	2.25	2.25	2.18	2.21	157442193	350576032.00
2013/08/21	2.20	2.25	2.19	2.22	301791844	672830656.00
2013/08/22	2.21	2.21	2.16	2.17	184391820	405610592.00
2013/08/23	2.17	2.18	2.10	2.12	157329903	337768832.00
2013/08/26	2.12	2.15	2.11	2.14	135418862	289716032.00
2013/08/27	2.13	2.14	2.11	2.13	83044076	177182224.00
2013/08/28	2.12	2.15	2.10	2.15	144704408	308958048.00
2013/08/29	2.14	2.15	2.11	2.12	99205839	212582416.00
2013/08/30	2.12	2.13	2.09	2.10	124250591	263170368.00
2013/09/02	2.10	2.11	2.08	2.10	103149080	216882176.00
2013/09/03	2.11	2.13	2.09	2.13	112043650	237795456.00
2013/09/04	2.13	2.14	2.11	2.13	90806321	193339840.00
2013/09/05	2.12	2.13	2.09	2.10	88119357	186253152.00
2013/09/06	2.10	2.11	2.08	2.09	100697896	211735744.00
2013/09/09	2.09	2.12	2.08	2.11	145557137	308148640.00
2013/09/10	2.11	2.17	2.10	2.15	271451699	583045440.00
2013/09/11	2.15	2.29	2.15	2.24	419486755	931762880.00
2013/09/12	2.22	2.23	2.18	2.22	198478214	440153632.00
2013/09/13	2.21	2.24	2.19	2.20	132032731	293276576.00
2013/09/16	2.21	2.21	2.15	2.17	125018030	273101632.00
2013/09/17	2.17	2.17	2.12	2.14	87950976	189510480.00
2013/09/18	2.13	2.15	2.12	2.14	61964181	132831200.00
2013/09/23	2.15	2.19	2.14	2.18	106282921	231058688.00
2013/09/24	2.18	2.18	2.14	2.16	105280737	228104048.00
2013/09/25	2.15	2.16	2.14	2.15	120223005	259056192.00
2013/09/26	2.14	2.15	2.10	2.11	88497052	188536496.00
2013/09/27	2.11	2.12	2.09	2.10	78314552	165565584.00
2013/09/30	2.11	2.12	2.10	2.11	64197806	136095536.00
2013/10/08	2.11	2.13	2.09	2.12	144252564	305845632.00
2013/10/09	2.12	2.13	2.10	2.13	120781952	256279072.00
2013/10/10	2.12	2.13	2.10	2.12	145504060	309178304.00
2013/10/11	2.12	2.17	2.11	2.16	190214897	408460736.00
2013/10/14	2.16	2.17	2.12	2.14	151323890	325951872.00
2013/10/15	2.13	2.14	2.10	2.11	133907559	284314720.00
2013/10/16	2.11	2.14	2.09	2.11	183289256	388626752.00
2013/10/17	2.10	2.12	2.09	2.10	148360763	313262048.00
2013/10/18	2.10	2.11	2.08	2.09	80629454	169647920.00
2013/10/21	2.10	2.13	2.08	2.12	184367053	390472000.00
2013/10/22	2.11	2.18	2.10	2.16	283729574	609381760.00
2013/10/23	2.14	2.16	2.09	2.10	180799736	385220704.00
2013/10/24	2.10	2.12	2.09	2.11	102432622	216696896.00
2013/10/25	2.11	2.14	2.08	2.10	158786138	336200992.00
2013/10/28	2.10	2.14	2.09	2.13	144545871	307821216.00
2013/10/29	2.17	2.23	2.13	2.15	416513942	909326976.00
2013/10/30	2.15	2.19	2.11	2.17	259992337	561250048.00
2013/10/31	2.15	2.21	2.14	2.18	287928888	630460736.00
2013/11/01	2.17	2.18	2.14	2.15	120896665	261824384.00
2013/11/04	2.16	2.19	2.15	2.16	112476688	245243584.00
2013/11/05	2.17	2.18	2.14	2.17	115768821	251421856.00
2013/11/06	2.16	2.17	2.12	2.13	127755075	275712704.00
2013/11/07	2.12	2.13	2.10	2.11	112994822	240111552.00
2013/11/08	2.10	2.11	2.09	2.09	136274973	286889664.00
2013/11/11	2.09	2.10	2.06	2.08	111947669	234115664.00
2013/11/12	2.08	2.11	2.07	2.10	98923328	207535632.00
2013/11/13	2.09	2.10	2.06	2.06	101823190	212206192.00
2013/11/14	2.05	2.09	2.05	2.07	90651131	188514896.00
2013/11/15	2.07	2.11	2.06	2.09	139930495	293871872.00
2013/11/18	2.10	2.12	2.09	2.11	144779438	305843456.00
2013/11/19	2.11	2.12	2.09	2.10	88060185	185899056.00
2013/11/20	2.11	2.12	2.09	2.11	138451374	293387840.00
2013/11/21	2.11	2.13	2.09	2.11	140565262	298155424.00
2013/11/22	2.12	2.21	2.11	2.15	382473367	834264128.00
2013/11/25	2.15	2.17	2.13	2.14	164359500	355240832.00
2013/11/26	2.14	2.15	2.12	2.13	102901382	220771904.00
2013/11/27	2.13	2.15	2.11	2.13	148754015	318407136.00
2013/11/28	2.13	2.16	2.13	2.15	147146560	317195680.00
2013/11/29	2.15	2.15	2.13	2.14	94387813	202709344.00
2013/12/02	2.13	2.17	2.11	2.13	174730272	375437728.00
2013/12/03	2.12	2.15	2.12	2.14	87947648	188604096.00
2013/12/04	2.13	2.17	2.13	2.16	132068814	285754368.00
2013/12/05	2.15	2.16	2.14	2.16	74357002	160686960.00
2013/12/06	2.15	2.16	2.13	2.14	85822028	184743104.00
2013/12/09	2.15	2.16	2.14	2.14	69495710	149928272.00
2013/12/10	2.15	2.19	2.13	2.16	190799402	414593024.00
2013/12/11	2.16	2.16	2.13	2.13	99808760	214619280.00
2013/12/12	2.13	2.14	2.12	2.13	58821890	125940832.00
2013/12/13	2.12	2.14	2.12	2.13	85704538	183249056.00
2013/12/16	2.13	2.14	2.10	2.11	73518554	156308656.00
2013/12/17	2.11	2.12	2.09	2.10	63540401	134168400.00
2013/12/18	2.10	2.11	2.08	2.09	72543591	152762512.00
2013/12/19	2.10	2.11	2.06	2.07	106838162	223800064.00
2013/12/20	2.07	2.08	2.01	2.02	134721596	276807424.00
2013/12/23	2.02	2.05	1.98	2.03	98659392	199637584.00
2013/12/24	2.04	2.06	2.02	2.04	67600301	138646832.00
2013/12/25	2.05	2.25	2.04	2.15	364566322	789985472.00
2013/12/26	2.13	2.16	2.10	2.11	159178514	340480256.00
2013/12/27	2.12	2.14	2.10	2.12	111890416	237635824.00
2013/12/30	2.14	2.16	2.12	2.13	94183706	202040416.00
2013/12/31	2.13	2.14	2.12	2.14	68397588	146527936.00
2014/01/02	2.14	2.14	2.10	2.11	82125517	174381680.00
2014/01/03	2.11	2.13	2.10	2.11	88399913	187569600.00
2014/01/06	2.11	2.12	2.08	2.10	102348989	215231280.00
2014/01/07	2.08	2.09	2.07	2.09	65350339	136569056.00
2014/01/08	2.09	2.11	2.08	2.10	73410532	154152448.00
2014/01/09	2.09	2.15	2.08	2.12	148014769	314410208.00
2014/01/10	2.11	2.12	2.08	2.09	90167056	190455504.00
2014/01/13	2.09	2.09	2.04	2.05	84934757	176118240.00
2014/01/14	2.05	2.10	2.04	2.09	84863427	177146096.00
2014/01/15	2.09	2.10	2.07	2.08	52063520	108840032.00
2014/01/16	2.08	2.09	2.06	2.07	58298004	121646936.00
2014/01/17	2.06	2.08	2.05	2.06	56514360	117005232.00
2014/01/20	2.05	2.06	2.04	2.05	50612711	104235464.00
2014/01/21	2.05	2.07	2.05	2.06	51169872	105864144.00
2014/01/22	2.06	2.10	2.06	2.09	90402760	189320144.00
2014/01/23	2.09	2.10	2.08	2.08	63159961	132463536.00
2014/01/24	2.08	2.10	2.07	2.09	77580321	162750304.00
2014/01/27	2.15	2.19	2.13	2.15	347192021	753545280.00
2014/01/28	2.14	2.16	2.12	2.13	131345965	281984544.00
2014/01/29	2.13	2.15	2.12	2.15	73820010	158561664.00
2014/01/30	2.14	2.15	2.11	2.12	90384680	192893376.00
2014/02/07	2.11	2.17	2.10	2.17	126141245	271483200.00
2014/02/10	2.16	2.19	2.15	2.18	213667169	467488992.00
2014/02/11	2.18	2.21	2.16	2.18	193864701	426081088.00
2014/02/12	2.18	2.19	2.16	2.18	126713637	276415872.00
2014/02/13	2.17	2.23	2.16	2.18	207979555	458937248.00
2014/02/14	2.18	2.20	2.17	2.19	125003638	274558432.00
2014/02/17	2.20	2.24	2.19	2.24	204232305	455361824.00
2014/02/18	2.24	2.25	2.19	2.20	135300060	300526560.00
2014/02/19	2.20	2.33	2.19	2.27	335021271	764343872.00
2014/02/20	2.26	2.50	2.25	2.38	579727263	1383220992.00
2014/02/21	2.36	2.42	2.31	2.33	277879927	655242112.00
2014/02/24	2.38	2.55	2.34	2.50	489394027	1193264512.00
2014/02/25	2.48	2.55	2.40	2.43	454706279	1130441088.00
2014/02/26	2.41	2.52	2.39	2.42	394476676	965208000.00
2014/02/27	2.43	2.43	2.33	2.34	272953214	651039232.00
2014/02/28	2.34	2.41	2.32	2.40	212066200	506154688.00
2014/03/03	2.38	2.41	2.34	2.39	177649629	423525088.00
2014/03/04	2.36	2.38	2.31	2.33	180195179	423863520.00
2014/03/05	2.35	2.36	2.32	2.33	97503715	228815936.00
2014/03/06	2.32	2.35	2.30	2.34	121489989	283384672.00
2014/03/07	2.33	2.37	2.31	2.32	103376128	242138080.00
2014/03/10	2.31	2.31	2.21	2.23	175883208	398604064.00
2014/03/11	2.22	2.24	2.20	2.23	110478073	246508640.00
2014/03/12	2.22	2.23	2.18	2.19	112704155	249367824.00
2014/03/13	2.19	2.23	2.19	2.22	94568446	210249008.00
2014/03/14	2.21	2.27	2.20	2.24	125363481	281722336.00
2014/03/17	2.24	2.26	2.23	2.26	69518635	157156336.00
2014/03/18	2.26	2.26	2.24	2.25	66434646	149921136.00
2014/03/19	2.25	2.30	2.25	2.26	114373023	261096816.00
2014/03/20	2.28	2.28	2.21	2.22	120188529	271585632.00
2014/03/21	2.21	2.27	2.19	2.26	153356618	345220896.00
2014/03/24	2.26	2.30	2.25	2.29	114045921	261359200.00
2014/03/25	2.28	2.33	2.27	2.33	140090924	324603584.00
2014/03/26	2.32	2.33	2.30	2.31	81946789	190278240.00
2014/03/27	2.30	2.32	2.29	2.29	92430211	213856352.00
2014/03/28	2.29	2.30	2.23	2.23	120809228	273508928.00
2014/03/31	2.23	2.26	2.22	2.24	55637735	125423496.00
2014/04/01	2.24	2.27	2.24	2.26	65239117	148199600.00
2014/04/02	2.26	2.28	2.24	2.26	58130785	132066528.00
2014/04/03	2.26	2.28	2.24	2.27	75790300	172123472.00
2014/04/04	2.28	2.33	2.26	2.29	120359531	277599360.00
2014/04/08	2.28	2.30	2.25	2.30	128292684	293989056.00
2014/04/09	2.29	2.30	2.26	2.28	99562521	227875920.00
2014/04/10	2.28	2.32	2.27	2.32	156419609	359503392.00
2014/04/11	2.30	2.32	2.29	2.31	92818267	214796368.00
2014/04/14	2.30	2.31	2.28	2.30	73931296	170438416.00
2014/04/15	2.32	2.38	2.31	2.33	275723306	647262208.00
2014/04/16	2.32	2.33	2.30	2.31	85112267	197488400.00
2014/04/17	2.32	2.32	2.28	2.29	70395346	162136672.00
2014/04/18	2.29	2.30	2.27	2.28	60176255	138002816.00
2014/04/21	2.27	2.29	2.25	2.25	80065992	182234064.00
2014/04/22	2.26	2.27	2.21	2.24	98972126	222625520.00
2014/04/23	2.24	2.25	2.22	2.24	62470053	139929840.00
2014/04/24	2.24	2.24	2.21	2.22	52368147	117119872.00
2014/04/25	2.21	2.22	2.16	2.17	90331787	198814832.00
2014/04/28	2.16	2.17	2.10	2.11	86185296	184478672.00
2014/04/29	2.11	2.13	2.10	2.12	48318568	102981392.00
2014/04/30	2.13	2.17	2.11	2.16	64103602	138262656.00
2014/05/05	2.15	2.16	2.13	2.15	51381492	110662872.00
2014/05/06	2.15	2.17	2.14	2.16	54475632	117940592.00
2014/05/07	2.16	2.16	2.14	2.14	43660476	94160824.00
2014/05/08	2.14	2.16	2.13	2.13	52543770	113060360.00
2014/05/09	2.13	2.14	2.11	2.11	57412871	122450304.00
2014/05/12	2.13	2.17	2.12	2.16	92078481	199176208.00
2014/05/13	2.16	2.17	2.15	2.16	45631541	98949824.00
2014/05/14	2.16	2.16	2.14	2.15	61818554	133251160.00
2014/05/15	2.14	2.15	2.11	2.12	48588419	103890280.00
2014/05/16	2.12	2.16	2.11	2.15	74801706	160754000.00
2014/05/19	2.14	2.14	2.11	2.12	47595196	101587112.00
2014/05/20	2.13	2.15	2.12	2.14	46040198	98985760.00
2014/05/21	2.13	2.15	2.12	2.15	48635921	104567336.00
2014/05/22	2.15	2.17	2.14	2.15	87873311	190586880.00
2014/05/23	2.15	2.16	2.14	2.15	47751521	103182672.00
2014/05/26	2.16	2.17	2.15	2.16	52022229	112806576.00
2014/05/27	2.16	2.17	2.15	2.16	56795318	123188192.00
2014/05/28	2.16	2.17	2.14	2.17	74008599	160389552.00
2014/05/29	2.17	2.17	2.14	2.15	67688567	146395632.00
2014/05/30	2.15	2.15	2.13	2.15	46775335	100693008.00
2014/06/03	2.15	2.15	2.12	2.13	69953953	150042704.00
2014/06/04	2.13	2.13	2.11	2.13	48032210	102265872.00
2014/06/05	2.12	2.16	2.12	2.16	89771678	193117616.00
2014/06/06	2.15	2.16	2.13	2.13	63427850	136766448.00
2014/06/09	2.13	2.15	2.12	2.12	43423126	93255648.00
2014/06/10	2.13	2.16	2.12	2.15	61348765	132108968.00
2014/06/11	2.15	2.16	2.14	2.15	43686659	94306536.00
2014/06/12	2.15	2.15	2.14	2.14	39304980	84583336.00
2014/06/13	2.14	2.16	2.13	2.16	68207692	147443952.00
2014/06/16	2.16	2.20	2.16	2.20	119500680	262436256.00
2014/06/17	2.20	2.20	2.17	2.18	77051527	168877664.00
2014/06/18	2.18	2.23	2.17	2.23	145924573	322959456.00
2014/06/19	2.22	2.25	2.19	2.21	134532982	300055744.00
2014/06/20	2.21	2.23	2.19	2.19	274765813	611637952.00
2014/06/23	2.20	2.21	2.16	2.17	92453320	202236368.00
2014/06/24	2.16	2.19	2.16	2.18	61229039	133814056.00
2014/06/25	2.18	2.18	2.15	2.16	48589152	105612624.00
2014/06/26	2.16	2.18	2.16	2.17	46118858	100522512.00
2014/06/27	2.16	2.18	2.15	2.17	58571306	127386072.00
2014/06/30	2.17	2.18	2.14	2.16	90416191	196314160.00
2014/07/01	2.16	2.18	2.16	2.17	55257723	120589056.00
2014/07/02	2.17	2.21	2.17	2.21	99494754	219037568.00
2014/07/03	2.21	2.21	2.19	2.19	71758938	158659152.00
2014/07/04	2.20	2.21	2.17	2.18	67918353	149162848.00
2014/07/07	2.19	2.19	2.17	2.18	47027928	102841536.00
2014/07/08	2.18	2.20	2.17	2.19	88498848	194194128.00
2014/07/09	2.18	2.19	2.15	2.16	71951192	156712752.00
2014/07/10	2.16	2.19	2.15	2.18	74934117	163774272.00
2014/07/11	2.17	2.19	2.16	2.19	81093147	177221088.00
2014/07/14	2.18	2.20	2.17	2.19	81969421	179843904.00
2014/07/15	2.19	2.20	2.18	2.20	79648087	175314448.00
2014/07/16	2.19	2.20	2.18	2.20	87510587	192515840.00
2014/07/17	2.19	2.20	2.17	2.18	87074645	190673328.00
2014/07/18	2.17	2.19	2.17	2.18	74191927	162204272.00
2014/07/21	2.17	2.18	2.16	2.17	54807333	119332224.00
2014/07/22	2.16	2.18	2.15	2.17	79517083	173273648.00
2014/07/23	2.17	2.18	2.16	2.17	100592923	219178976.00
2014/07/24	2.17	2.20	2.16	2.19	195702311	428454912.00
2014/07/25	2.19	2.21	2.18	2.20	138138299	304443360.00
2014/07/28	2.21	2.26	2.20	2.25	243819160	547121664.00
2014/07/29	2.28	2.31	2.26	2.27	285059383	653839296.00
2014/07/30	2.26	2.28	2.23	2.26	168234126	380767520.00
2014/07/31	2.25	2.30	2.24	2.29	154549814	352456160.00
2014/08/01	2.28	2.30	2.26	2.26	161478750	370396960.00
2014/08/04	2.26	2.29	2.26	2.29	122736406	280538944.00
2014/08/05	2.29	2.29	2.27	2.28	112275925	256857632.00
2014/08/06	2.28	2.35	2.26	2.32	236569211	546786624.00
2014/08/07	2.31	2.33	2.27	2.29	177598490	410621152.00
2014/08/08	2.28	2.31	2.28	2.29	101903486	234460096.00
2014/08/11	2.29	2.33	2.29	2.32	151569185	352133184.00
2014/08/12	2.31	2.36	2.29	2.35	213762583	499475072.00
2014/08/13	2.33	2.34	2.30	2.32	158114876	368483936.00
2014/08/14	2.33	2.37	2.31	2.32	180364604	423962688.00
2014/08/15	2.32	2.37	2.32	2.35	224837454	530668032.00
2014/08/18	2.35	2.36	2.33	2.35	152124616	357806400.00
2014/08/19	2.34	2.35	2.32	2.33	170260128	398658624.00
2014/08/20	2.34	2.34	2.32	2.32	108540991	253887856.00
2014/08/21	2.32	2.33	2.27	2.29	160217091	369211552.00
2014/08/22	2.28	2.31	2.28	2.30	115702563	266478208.00
2014/08/25	2.30	2.30	2.27	2.29	106179006	243710048.00
2014/08/26	2.28	2.29	2.25	2.26	112917964	257427984.00
2014/08/27	2.25	2.29	2.25	2.27	98445649	224701328.00
2014/08/28	2.27	2.28	2.24	2.24	99247079	224623472.00
2014/08/29	2.25	2.27	2.24	2.27	72107494	163038768.00
2014/09/01	2.26	2.28	2.25	2.27	135279763	307599712.00
2014/09/02	2.27	2.29	2.26	2.28	152395951	348172224.00
2014/09/03	2.28	2.30	2.28	2.29	170521223	392232160.00
2014/09/04	2.29	2.32	2.28	2.30	163610655	377633632.00
2014/09/05	2.31	2.33	2.30	2.32	175838541	408350080.00
2014/09/09	2.32	2.34	2.30	2.33	186508801	434337920.00
2014/09/10	2.32	2.34	2.30	2.32	187216670	436504256.00
2014/09/11	2.32	2.35	2.31	2.33	200662500	469988736.00
2014/09/12	2.32	2.41	2.31	2.37	319450747	758887872.00
2014/09/15	2.36	2.38	2.35	2.37	191187334	454430880.00
2014/09/16	2.46	2.52	2.40	2.41	623866886	1539309568.00
2014/09/17	2.40	2.46	2.38	2.43	291437572	708479552.00
2014/09/18	2.42	2.47	2.41	2.44	239294555	585872384.00
2014/09/19	2.44	2.44	2.40	2.41	196447273	476571360.00
2014/09/22	2.40	2.41	2.34	2.35	213619891	508398048.00
2014/09/23	2.35	2.37	2.34	2.37	138589935	328073696.00
2014/09/24	2.36	2.40	2.34	2.40	195905404	468277472.00
2014/09/25	2.42	2.44	2.37	2.38	187593499	452303872.00
2014/09/26	2.37	2.49	2.37	2.45	306923817	752035328.00
2014/09/29	2.44	2.47	2.43	2.44	203547157	500032896.00
2014/09/30	2.45	2.45	2.42	2.43	158711407	388393216.00
2014/10/08	2.45	2.46	2.43	2.46	187160501	459984160.00
2014/10/09	2.45	2.50	2.45	2.50	348419257	869276224.00
2014/10/10	2.49	2.74	2.48	2.66	790310116	2062853760.00
2014/10/13	2.61	2.64	2.56	2.61	354834521	923935680.00
2014/10/14	2.60	2.67	2.57	2.64	376108611	988071936.00
2014/10/15	2.64	2.68	2.62	2.64	286706147	761792704.00
2014/10/16	2.62	2.62	2.54	2.55	329731372	855616448.00
2014/10/17	2.56	2.61	2.51	2.56	260727598	670639936.00
2014/10/20	2.57	2.60	2.54	2.58	166361649	429703488.00
2014/10/21	2.57	2.58	2.51	2.52	177647675	453217248.00
2014/10/22	2.52	2.54	2.48	2.48	168192381	424795168.00
2014/10/23	2.49	2.52	2.46	2.48	199930114	499331136.00
2014/10/24	2.48	2.49	2.45	2.45	121101746	300804288.00
2014/10/27	2.44	2.45	2.40	2.43	118102216	287235904.00
2014/10/28	2.43	2.50	2.42	2.49	161041293	399659424.00
2014/10/29	2.50	2.55	2.48	2.54	224269926	566043584.00
2014/10/30	2.53	2.62	2.52	2.59	356885369	920661440.00
2014/10/31	2.59	2.65	2.55	2.63	399167352	1041222592.00
2014/11/03	2.65	2.71	2.62	2.64	528193267	1412140160.00
2014/11/04	2.65	2.75	2.60	2.69	495787915	1331052160.00
2014/11/05	2.69	2.70	2.61	2.62	306571030	815596992.00
2014/11/06	2.61	2.63	2.58	2.62	204611602	534565120.00
2014/11/07	2.61	2.63	2.55	2.57	233246219	609090688.00
2014/11/10	2.58	2.67	2.57	2.65	302382290	796231552.00
2014/11/11	2.65	2.66	2.57	2.59	329794032	865496768.00
2014/11/12	2.59	2.62	2.57	2.61	214487851	559124672.00
2014/11/13	2.60	2.66	2.55	2.63	322095767	843710272.00
2014/11/14	2.61	2.68	2.60	2.65	296670179	787967744.00
2014/11/17	2.65	2.70	2.62	2.63	283202213	754426112.00
2014/11/18	2.61	2.63	2.58	2.60	170134859	444942976.00
2014/11/19	2.60	2.61	2.57	2.58	152406119	396489920.00
2014/11/20	2.57	2.58	2.53	2.54	185070195	474281792.00
2014/11/21	2.55	2.58	2.54	2.58	147744927	380024992.00
2014/11/24	2.61	2.64	2.59	2.62	263521556	692687936.00
2014/11/25	2.62	2.65	2.61	2.65	261426510	691092864.00
2014/11/26	2.64	2.66	2.61	2.63	228398719	603481728.00
2014/11/27	2.65	2.68	2.63	2.67	343786256	916576256.00
2014/11/28	2.66	2.72	2.64	2.71	429512456	1151614848.00
2014/12/01	2.73	2.77	2.70	2.74	539166026	1480382592.00
2014/12/02	2.74	2.77	2.72	2.75	438279813	1210353536.00
2014/12/03	2.76	2.97	2.75	2.89	839156375	2407036160.00
2014/12/04	2.89	3.02	2.87	2.98	623467486	1850123264.00
2014/12/05	3.06	3.27	2.97	3.12	1052594244	3311981312.00
2014/12/08	3.14	3.37	3.06	3.33	854324612	2807457024.00
2014/12/09	3.30	3.37	3.00	3.03	1013282068	3291406592.00
2014/12/10	3.00	3.14	2.93	3.13	644656044	1958131840.00
2014/12/11	3.09	3.15	2.97	3.10	611513361	1876667520.00
2014/12/12	3.09	3.14	3.06	3.09	358464249	1114463232.00
2014/12/15	3.07	3.12	3.02	3.10	315856373	971418432.00
2014/12/16	3.09	3.25	3.07	3.22	573820999	1821342208.00
2014/12/17	3.22	3.22	3.09	3.15	431757529	1368177792.00
2014/12/18	3.13	3.18	3.12	3.18	304757883	964306304.00
2014/12/19	3.17	3.20	3.07	3.17	408499534	1287886080.00
2014/12/22	3.20	3.36	3.19	3.33	719204718	2374383104.00
2014/12/23	3.34	3.48	3.22	3.33	680214510	2298858752.00
2014/12/24	3.31	3.34	3.20	3.22	439217952	1434051840.00
2014/12/25	3.23	3.31	3.20	3.30	341407504	1114600064.00
2014/12/26	3.31	3.39	3.30	3.39	438868524	1477211008.00
2014/12/29	3.45	3.54	3.32	3.36	477641245	1642659584.00
2014/12/30	3.36	3.36	3.27	3.29	327783107	1086461696.00
2014/12/31	3.28	3.37	3.26	3.35	306722115	1019462400.00
2015/01/05	3.37	3.46	3.37	3.45	548920810	1886653184.00
2015/01/06	3.40	3.57	3.39	3.48	516558768	1801270656.00
2015/01/07	3.46	3.51	3.41	3.47	340150765	1178636288.00
2015/01/08	3.46	3.53	3.39	3.40	366407551	1265813120.00
2015/01/09	3.40	3.43	3.32	3.32	422722605	1430871040.00
2015/01/12	3.30	3.30	3.19	3.21	366432156	1187764352.00
2015/01/13	3.20	3.31	3.19	3.26	234447299	766765952.00
2015/01/14	3.25	3.30	3.17	3.18	232731672	753408960.00
2015/01/15	3.18	3.25	3.15	3.25	216831169	695812032.00
2015/01/16	3.25	3.31	3.24	3.28	248294699	816164288.00
2015/01/19	3.15	3.20	2.95	3.00	428858825	1330640256.00
2015/01/20	3.03	3.10	3.02	3.09	303975302	935553728.00
2015/01/21	3.09	3.18	3.07	3.18	299149518	939653312.00
2015/01/22	3.17	3.20	3.13	3.18	243747040	773821632.00
2015/01/23	3.18	3.20	3.12	3.14	224271330	710168320.00
2015/01/26	3.13	3.18	3.11	3.18	214589376	677510336.00
2015/01/27	3.17	3.22	3.13	3.19	300371413	955646656.00
2015/01/28	3.18	3.18	3.13	3.15	198493833	628374208.00
2015/01/29	3.10	3.14	3.06	3.12	221679935	690491328.00
2015/01/30	3.12	3.18	3.10	3.10	229695300	723521536.00
2015/02/02	3.05	3.07	3.02	3.03	204906002	626940800.00
2015/02/03	3.04	3.08	3.03	3.07	160730826	492508576.00
2015/02/04	3.07	3.08	3.03	3.04	197640739	606297024.00
2015/02/05	3.08	3.08	2.98	2.99	236409688	719553920.00
2015/02/06	2.98	2.99	2.83	2.86	318446418	928016576.00
2015/02/09	2.86	2.87	2.78	2.79	320965485	903842304.00
2015/02/10	2.80	2.86	2.77	2.85	263086930	745191744.00
2015/02/11	2.86	3.01	2.84	3.00	476276575	1409123456.00
2015/02/12	2.97	3.06	2.96	3.03	363472224	1103652864.00
2015/02/13	3.03	3.05	2.99	3.03	288437748	874561472.00
2015/02/16	3.03	3.09	3.02	3.08	268256199	824970752.00
2015/02/17	3.08	3.12	3.07	3.08	175024096	541987008.00
2015/02/25	3.08	3.10	3.03	3.05	167549421	514934112.00
2015/02/26	3.05	3.08	3.00	3.08	243255284	741922496.00
2015/02/27	3.07	3.17	3.05	3.15	411818724	1285155584.00
2015/03/02	3.15	3.17	3.12	3.17	374392167	1184444800.00
2015/03/03	3.15	3.15	3.08	3.09	331347959	1036033600.00
2015/03/04	3.08	3.27	3.07	3.25	589593195	1873603584.00
2015/03/05	3.24	3.25	3.17	3.20	355728704	1140729600.00
2015/03/06	3.19	3.23	3.14	3.14	254802639	809972416.00
2015/03/09	3.13	3.17	3.06	3.15	252042627	785802240.00
2015/03/10	3.14	3.21	3.12	3.16	261797986	833341824.00
2015/03/11	3.15	3.17	3.10	3.11	261976058	823306880.00
2015/03/12	3.13	3.14	3.09	3.12	234841108	734788736.00
2015/03/13	3.12	3.14	3.11	3.13	241872978	757689856.00
2015/03/16	3.14	3.22	3.13	3.21	452005521	1444125568.00
2015/03/17	3.21	3.53	3.21	3.53	1208256028	4158020352.00
2015/03/18	3.63	3.88	3.57	3.88	2066636563	7723313664.00
2015/03/19	3.88	3.95	3.78	3.82	1385123541	5339563520.00
2015/03/20	3.82	4.11	3.81	3.93	1142709709	4560468480.00
2015/03/23	4.01	4.08	3.94	4.03	975992992	3924727296.00
2015/03/24	4.03	4.34	3.94	4.23	1356729178	5607430656.00
2015/03/25	4.20	4.20	4.10	4.12	874139976	3630225152.00
2015/03/26	4.10	4.10	3.99	4.00	743084675	3002161152.00
2015/03/27	4.00	4.06	3.96	4.03	479091414	1930370432.00
2015/03/30	4.05	4.14	4.01	4.09	788354707	3207558400.00
2015/03/31	4.11	4.12	4.00	4.02	563917030	2289097216.00
2015/04/01	4.00	4.14	3.99	4.09	651142851	2667106304.00
2015/04/02	4.09	4.24	4.06	4.13	1019292309	4240749312.00
2015/04/03	4.12	4.17	4.10	4.14	668375044	2765280256.00
2015/04/07	4.16	4.33	4.14	4.28	945681600	4031040768.00
2015/04/08	4.30	4.34	4.09	4.20	836358843	3536359424.00
2015/04/09	4.20	4.20	4.02	4.09	654741925	2684976384.00
2015/04/10	4.15	4.29	4.15	4.23	716030113	3035322368.00
2015/04/13	4.24	4.65	4.20	4.65	1126766075	4989440000.00
2015/04/14	4.74	5.10	4.65	4.89	1389373667	6825801728.00
2015/04/15	4.88	4.88	4.40	4.41	2352257928	10745273344.00
2015/04/16	4.32	4.58	4.19	4.49	1151381113	5136159744.00
2015/04/17	4.53	4.56	4.41	4.46	2109917425	9466575872.00
2015/04/20	4.49	4.71	4.39	4.62	2338179999	10684784640.00
2015/04/21	4.63	4.87	4.53	4.82	1929420378	9045921792.00
2015/04/22	4.82	4.97	4.79	4.81	2649061594	12899521536.00
2015/04/23	4.87	4.89	4.67	4.75	2979433766	14152101888.00
2015/04/24	4.69	4.71	4.49	4.60	2327475760	10753301504.00
2015/04/27	4.63	4.73	4.56	4.68	2088581557	9719764992.00
2015/04/28	4.68	4.69	4.48	4.51	1674583862	7654138880.00
2015/04/29	4.48	4.63	4.44	4.57	1331702544	6089247232.00
2015/04/30	4.54	4.60	4.51	4.51	1010996561	4605301760.00
2015/05/04	4.54	4.73	4.50	4.71	2107103953	9796791296.00
2015/05/05	4.74	4.85	4.55	4.58	2125594892	10026726400.00
2015/05/06	4.56	4.64	4.30	4.42	1427587818	6464557056.00
2015/05/07	4.34	4.39	4.10	4.12	1204156511	5079221248.00
2015/05/08	4.18	4.27	4.15	4.27	980148344	4137358336.00
2015/05/11	4.33	4.41	4.24	4.39	1085156679	4698482176.00
2015/05/12	4.39	4.40	4.32	4.38	994319928	4349372416.00
2015/05/13	4.36	4.36	4.26	4.28	1058935135	4580977664.00
2015/05/14	4.27	4.49	4.24	4.42	1419090739	6244573696.00
2015/05/15	4.38	4.39	4.24	4.25	993804667	4266738176.00
2015/05/18	4.21	4.27	4.16	4.20	683574047	2883136000.00
2015/05/19	4.19	4.30	4.17	4.28	742800663	3171397888.00
2015/05/20	4.29	4.36	4.25	4.29	1079427473	4666132480.00
2015/05/21	4.30	4.31	4.24	4.31	925534582	3969161984.00
2015/05/22	4.34	4.69	4.33	4.62	2261085513	10245749760.00
2015/05/25	4.64	4.79	4.59	4.71	2112209240	9944260608.00
2015/05/26	4.74	4.91	4.60	4.86	2837108160	13485408256.00
2015/05/27	4.86	4.97	4.81	4.93	2678322294	13133779968.00
2015/05/28	4.94	5.42	4.88	5.15	5135466500	27293497344.00
2015/05/29	5.20	5.32	4.86	5.03	3384298807	17203173376.00
2015/06/01	5.04	5.43	5.04	5.38	2804463513	14650846208.00
2015/06/02	5.38	5.46	5.27	5.39	2319269055	12445478912.00
2015/06/03	5.42	5.45	5.11	5.22	1994555313	10492634112.00
2015/06/04	5.21	5.21	4.79	5.09	2015897952	10131191808.00
2015/06/05	5.14	5.21	5.01	5.12	1808513565	9292479488.00
2015/06/08	5.13	5.29	5.00	5.22	2156782934	11105647616.00
2015/06/09	5.20	5.34	5.15	5.25	1776234120	9324486656.00
2015/06/10	5.17	5.34	5.11	5.24	1695379020	8915764224.00
2015/06/11	5.19	5.25	5.14	5.18	1314507367	6821398016.00
2015/06/12	5.18	5.32	5.16	5.25	1852494757	9762899968.00
2015/06/15	5.24	5.44	5.22	5.34	2438989828	13087446016.00
2015/06/16	5.27	5.32	5.04	5.09	1873846923	9694404608.00
2015/06/17	5.06	5.14	4.89	5.13	1420491875	7151191040.00
2015/06/19	5.09	5.63	4.89	5.15	2800968001	14922068992.00
2015/06/23	5.17	5.34	4.79	5.29	1905754973	9916071936.00
2015/06/24	5.29	5.81	5.21	5.73	3847174806	21214328832.00
2015/06/25	5.64	5.73	5.31	5.45	2865811092	16002714624.00
2015/06/26	5.29	5.34	4.90	4.96	2367481412	12067002368.00
2015/06/29	5.17	5.17	4.47	4.80	2281854694	11202177024.00
2015/06/30	4.87	5.19	4.67	5.18	2242585853	11200164864.00
2015/07/01	5.17	5.26	4.88	4.91	1834323595	9398106112.00
2015/07/02	4.99	5.03	4.44	4.50	1853712500	8766650368.00
2015/07/03	4.29	4.48	4.05	4.05	1861645364	7755178496.00
2015/07/06	4.45	4.45	3.79	4.03	1993894542	8188169728.00
2015/07/07	3.93	3.93	3.63	3.63	2078989409	7687990272.00
2015/07/13	3.99	3.99	3.99	3.99	167429670	669718656.00
2015/07/14	4.39	4.39	4.39	4.39	244386491	1075300608.00
2015/07/15	4.74	4.74	3.99	4.01	2072529091	8856699904.00
2015/07/16	3.99	4.19	3.81	4.08	1236705694	5021603328.00
2015/07/17	4.10	4.39	4.09	4.31	1441872464	6139523584.00
2015/07/20	4.32	4.40	4.22	4.29	1303618643	5623850496.00
2015/07/21	4.19	4.33	4.15	4.25	877677318	3735276288.00
2015/07/22	4.23	4.27	4.12	4.20	908370367	3820450304.00
2015/07/23	4.19	4.34	4.15	4.31	1279273431	5455246336.00
2015/07/24	4.28	4.31	4.16	4.19	1300962044	5545078272.00
2015/07/27	4.08	4.14	3.77	3.77	1278118438	5098375168.00
2015/07/28	3.57	3.79	3.46	3.68	1186308701	4313089536.00
2015/07/29	3.71	3.88	3.66	3.88	817903618	3068232960.00
2015/07/30	3.83	3.88	3.68	3.70	793284625	3034178304.00
2015/07/31	3.62	3.75	3.59	3.69	659084552	2415813376.00
2015/08/03	3.64	3.67	3.48	3.63	653577418	2348746240.00
2015/08/04	3.62	3.84	3.62	3.80	745032704	2785508608.00
2015/08/05	3.78	3.79	3.67	3.68	582127487	2179272960.00
2015/08/06	3.61	3.68	3.60	3.63	397199882	1451218304.00
2015/08/07	3.66	3.78	3.66	3.76	687743215	2566496512.00
2015/08/10	3.76	3.94	3.76	3.90	1045779933	4043755008.00
2015/08/11	3.90	4.01	3.85	3.94	1181399364	4649187840.00
2015/08/12	3.87	3.97	3.84	3.85	788376003	3079697408.00
2015/08/13	3.84	3.97	3.82	3.95	798140333	3127854080.00
2015/08/14	3.95	4.02	3.93	3.95	886590154	3523569408.00
2015/08/17	3.93	4.14	3.88	4.13	1379903286	5532629504.00
2015/08/18	4.13	4.14	3.72	3.78	1305486802	5175800832.00
2015/08/19	3.69	3.96	3.60	3.92	1005858193	3820362240.00
2015/08/20	4.07	4.09	3.84	3.86	1030063763	4095054848.00
2015/08/21	3.77	3.83	3.62	3.65	858343112	3203384320.00
2015/08/24	3.51	3.55	3.28	3.28	915235671	3068739840.00
2015/08/25	2.97	3.11	2.95	2.95	784137026	2359657984.00
2015/08/26	2.99	3.08	2.79	2.88	980727985	2917325568.00
2015/08/27	2.95	3.01	2.84	3.01	739638759	2184456960.00
2015/08/28	3.04	3.20	3.01	3.18	959143761	2965742848.00
2015/08/31	3.14	3.14	3.01	3.06	699355662	2147913216.00
2015/09/01	3.05	3.19	2.87	3.15	1088280072	3324955904.00
2015/09/02	3.00	3.15	2.97	3.13	780851338	2414167552.00
2015/09/07	3.13	3.26	3.10	3.12	542741996	1729680128.00
2015/09/08	3.09	3.17	3.01	3.16	507571291	1580655232.00
2015/09/09	3.18	3.25	3.14	3.23	818839473	2633818624.00
2015/09/10	3.18	3.19	3.12	3.13	466053515	1478389120.00
2015/09/11	3.14	3.17	3.09	3.12	326294389	1025008384.00
2015/09/14	3.13	3.15	2.87	2.92	625606561	1888539136.00
2015/09/15	2.87	2.92	2.77	2.79	513528852	1467385088.00
2015/09/16	2.81	3.05	2.77	3.00	648924498	1876106752.00
2015/09/17	2.94	3.01	2.89	2.90	597036019	1766457984.00
2015/09/18	2.91	2.94	2.88	2.91	319691373	932960064.00
2015/09/21	2.89	2.97	2.86	2.96	347479042	1019098560.00
2015/09/22	2.95	2.99	2.93	2.96	455726114	1355302272.00
2015/09/23	2.91	2.93	2.87	2.88	379963110	1105820032.00
2015/09/24	2.90	2.93	2.89	2.91	237548020	693180096.00
2015/09/25	2.90	2.92	2.81	2.83	343914535	987568512.00
2015/09/28	2.83	2.86	2.81	2.85	203967457	580572416.00
2015/09/29	2.81	2.82	2.74	2.78	355639864	993993728.00
2015/09/30	2.78	2.80	2.76	2.78	269823230	753408576.00
2015/10/08	2.87	2.90	2.84	2.87	428314076	1233998080.00
2015/10/09	2.87	2.90	2.85	2.89	367757244	1062279488.00
2015/10/12	2.90	3.07	2.89	3.03	895717900	2682185472.00
2015/10/13	3.00	3.02	2.98	3.00	487681144	1466362752.00
2015/10/14	2.99	3.04	2.97	2.98	503018377	1516339712.00
2015/10/15	2.97	3.05	2.96	3.05	659224888	1997182336.00
2015/10/16	3.04	3.07	3.01	3.05	698208269	2131488640.00
2015/10/19	3.06	3.12	3.04	3.07	721551178	2228122624.00
2015/10/20	3.05	3.09	3.03	3.09	589192791	1807888512.00
2015/10/21	3.08	3.08	2.92	2.93	883346874	2678742784.00
2015/10/22	2.92	2.99	2.91	2.97	588224960	1737859840.00
2015/10/23	2.99	3.12	2.97	3.09	1051293334	3220957184.00
2015/10/26	3.09	3.12	3.05	3.07	793730184	2449452544.00
2015/10/27	3.05	3.06	2.96	3.04	660930326	1993652992.00
2015/10/28	3.04	3.04	2.97	2.98	467574875	1413029376.00
2015/10/29	2.99	3.02	2.97	2.99	360917474	1083815040.00
2015/10/30	2.99	3.00	2.95	2.97	340869835	1018541760.00
2015/11/02	2.93	2.96	2.88	2.88	508638263	1490579840.00
2015/11/03	2.88	2.91	2.87	2.88	284032090	823054528.00
2015/11/04	2.89	3.01	2.89	3.00	615219137	1818565504.00
2015/11/05	3.00	3.12	2.99	3.06	1232626433	3769660160.00
2015/11/06	3.06	3.13	3.05	3.11	1048264978	3232487936.00
2015/11/09	3.09	3.16	3.08	3.12	1013443691	3167871744.00
2015/11/10	3.10	3.16	3.09	3.14	818041793	2557552896.00
2015/11/11	3.13	3.18	3.11	3.15	744287160	2342179584.00
2015/11/12	3.16	3.17	3.08	3.12	721915430	2245640960.00
2015/11/13	3.09	3.10	3.05	3.06	460492162	1415803520.00
2015/11/16	3.02	3.07	3.01	3.07	394515410	1199096064.00
2015/11/17	3.08	3.14	3.07	3.08	750708246	2331719680.00
2015/11/18	3.08	3.09	3.03	3.04	436919077	1336697088.00
2015/11/19	3.05	3.17	3.04	3.15	1034241428	3227990016.00
2015/11/20	3.18	3.20	3.12	3.14	803966287	2532810240.00
2015/11/23	3.14	3.15	3.08	3.09	558538686	1737799552.00
2015/11/24	3.08	3.09	3.05	3.09	364686466	1118530944.00
2015/11/25	3.08	3.15	3.06	3.14	561730255	1739128960.00
2015/11/26	3.12	3.14	3.07	3.08	557162189	1729093248.00
2015/11/27	3.07	3.08	2.91	2.93	703664040	2115432448.00
2015/11/30	2.94	2.97	2.86	2.93	529653780	1548579712.00
2015/12/01	2.93	2.97	2.90	2.94	301608888	884154816.00
2015/12/02	2.93	3.02	2.91	3.01	502144170	1494846208.00
2015/12/03	3.11	3.15	3.07	3.08	764172554	2368706304.00
2015/12/04	3.05	3.06	3.01	3.02	462433429	1402347520.00
2015/12/07	3.02	3.04	3.00	3.03	321786611	972489792.00
2015/12/08	3.01	3.02	2.95	2.96	368503224	1096473088.00
2015/12/09	2.94	2.97	2.93	2.95	250960165	740227776.00
2015/12/10	2.98	3.02	2.95	2.96	356314402	1063827392.00
2015/12/11	2.94	2.96	2.92	2.95	296030866	869561024.00
2015/12/14	2.92	3.00	2.92	3.00	329149457	975000000.00
2015/12/15	3.00	3.00	2.96	2.97	265905561	792741760.00
2015/12/16	2.98	2.99	2.95	2.97	238753295	709618496.00
2015/12/17	2.98	3.04	2.97	3.04	570804126	1723341568.00
2015/12/18	3.02	3.04	2.97	2.99	577677332	1735104640.00
2015/12/21	2.97	3.12	2.97	3.09	1043201309	3203297792.00
2015/12/22	3.08	3.09	3.05	3.07	533022389	1633795072.00
2015/12/23	3.07	3.08	3.03	3.04	485707665	1482971648.00
2015/12/24	3.04	3.04	3.00	3.03	351748664	1061774080.00
2015/12/25	3.04	3.05	3.00	3.03	248324824	751579968.00
2015/12/28	3.03	3.05	2.98	2.98	381160704	1149092352.00
2015/12/29	2.98	3.02	2.97	3.00	262621435	785091136.00
2015/12/30	3.00	3.01	2.98	2.99	243081579	727891904.00
2015/12/31	2.99	3.00	2.97	2.97	279849444	835031360.00
2016/01/04	2.97	2.98	2.77	2.78	414447279	1205179776.00
2016/01/05	2.70	2.86	2.68	2.83	609955778	1706985472.00
2016/01/06	2.84	2.96	2.82	2.95	607898914	1763636864.00
2016/01/07	2.92	2.93	2.70	2.72	188482916	536098624.00
2016/01/08	2.82	2.88	2.72	2.84	594412854	1677523584.00
2016/01/11	2.80	2.88	2.74	2.75	510185767	1431893504.00
2016/01/12	2.77	2.79	2.72	2.76	323391328	891620416.00
2016/01/13	2.76	2.80	2.71	2.71	335115668	924262720.00
2016/01/14	2.65	2.74	2.62	2.74	391149170	1048263168.00
2016/01/15	2.71	2.72	2.58	2.60	473210566	1252642048.00
2016/01/18	2.54	2.63	2.53	2.59	342545424	884566528.00
2016/01/19	2.58	2.66	2.56	2.65	369938685	969216320.00
2016/01/20	2.63	2.65	2.59	2.62	296191501	777397760.00
2016/01/21	2.59	2.63	2.53	2.54	273149671	707470912.00
2016/01/22	2.57	2.58	2.52	2.56	269982321	689327488.00
2016/01/25	2.58	2.60	2.56	2.57	196345879	506328544.00
2016/01/26	2.55	2.56	2.32	2.34	455663260	1119666944.00
2016/01/27	2.37	2.38	2.20	2.30	473514826	1085132032.00
2016/01/28	2.27	2.31	2.21	2.22	315237841	714172288.00
2016/01/29	2.20	2.31	2.20	2.28	356007775	806663488.00
2016/02/01	2.28	2.29	2.23	2.25	261745216	590719872.00
2016/02/02	2.25	2.31	2.24	2.29	247842367	567046464.00
2016/02/03	2.27	2.29	2.25	2.28	212858512	481943232.00
2016/02/04	2.29	2.32	2.29	2.31	271760478	626253696.00
2016/02/05	2.30	2.31	2.29	2.30	200290823	460365696.00
2016/02/15	2.25	2.31	2.23	2.30	226541414	514812864.00
2016/02/16	2.36	2.53	2.35	2.53	423328076	1043192576.00
2016/02/17	2.64	2.75	2.59	2.65	1283140845	3405504000.00
2016/02/18	2.63	2.69	2.58	2.61	716637638	1883098752.00
2016/02/19	2.58	2.63	2.57	2.59	380031970	988524544.00
2016/02/22	2.62	2.65	2.60	2.64	434218973	1140116992.00
2016/02/23	2.64	2.65	2.57	2.60	335208943	870885632.00
2016/02/24	2.58	2.62	2.57	2.61	301050737	781064640.00
2016/02/25	2.60	2.61	2.36	2.40	555009492	1382760832.00
2016/02/26	2.42	2.47	2.40	2.44	338571468	826023360.00
2016/02/29	2.43	2.44	2.30	2.36	353560051	831944192.00
2016/03/01	2.38	2.45	2.36	2.44	319461554	766558144.00
2016/03/02	2.44	2.55	2.42	2.54	513174264	1281423744.00
2016/03/03	2.52	2.56	2.51	2.52	395083604	1000165824.00
2016/03/04	2.51	2.60	2.50	2.54	583807325	1484750592.00
2016/03/07	2.55	2.59	2.53	2.56	287514572	737019200.00
2016/03/08	2.56	2.56	2.48	2.55	299834985	754976960.00
2016/03/09	2.50	2.52	2.48	2.49	200317795	500244480.00
2016/03/10	2.50	2.52	2.46	2.47	165995007	413601984.00
2016/03/11	2.46	2.47	2.42	2.45	174520678	427010432.00
2016/03/14	2.47	2.54	2.47	2.52	297367165	748027008.00
2016/03/15	2.51	2.52	2.48	2.49	191458469	477185184.00
2016/03/16	2.50	2.51	2.47	2.48	154404894	384152864.00
2016/03/17	2.49	2.53	2.48	2.52	287853817	722491264.00
2016/03/18	2.52	2.58	2.52	2.57	442692354	1130299136.00
2016/03/21	2.58	2.61	2.56	2.60	650641438	1682402816.00
2016/03/22	2.58	2.59	2.56	2.56	325082803	834791744.00
2016/03/23	2.56	2.57	2.54	2.56	232764650	594955776.00
2016/03/24	2.56	2.56	2.52	2.52	278327018	708041984.00
2016/03/25	2.51	2.64	2.51	2.60	564466975	1456808192.00
2016/03/28	2.59	2.61	2.55	2.56	346572666	893511616.00
2016/03/29	2.56	2.56	2.50	2.52	274769410	693728960.00
2016/03/30	2.53	2.57	2.52	2.57	258640857	659364288.00
2016/03/31	2.57	2.58	2.55	2.55	227795068	583025088.00
2016/04/01	2.55	2.57	2.52	2.56	238579547	606290816.00
2016/04/05	2.56	2.62	2.54	2.60	425594855	1099167872.00
2016/04/06	2.58	2.59	2.56	2.58	293345458	755708736.00
2016/04/07	2.58	2.59	2.54	2.55	267528366	684382400.00
2016/04/08	2.53	2.54	2.51	2.53	211209732	533288256.00
2016/04/11	2.54	2.58	2.53	2.57	268789364	689416640.00
2016/04/12	2.56	2.57	2.53	2.54	190325794	484109984.00
2016/04/13	2.55	2.59	2.54	2.57	424203910	1092812416.00
2016/04/14	2.58	2.59	2.56	2.58	287577927	741398400.00
2016/04/15	2.56	2.57	2.54	2.55	302701596	772876288.00
2016/04/18	2.54	2.54	2.51	2.52	210180606	530079520.00
2016/04/19	2.53	2.54	2.51	2.52	151646817	382313664.00
2016/04/20	2.53	2.53	2.38	2.43	445563929	1093878656.00
2016/04/21	2.42	2.44	2.41	2.41	191844568	465289280.00
2016/04/22	2.40	2.42	2.38	2.42	183521494	440034720.00
2016/04/25	2.41	2.49	2.39	2.45	264652592	646719232.00
2016/04/26	2.44	2.45	2.42	2.44	133052064	323291776.00
2016/04/27	2.44	2.44	2.41	2.42	113712766	275986016.00
2016/04/28	2.41	2.42	2.38	2.40	153632730	368146496.00
2016/04/29	2.39	2.40	2.38	2.39	103107430	246340320.00
2016/05/03	2.39	2.44	2.38	2.43	220149078	532498848.00
2016/05/04	2.42	2.48	2.41	2.45	336491640	823136128.00
2016/05/05	2.44	2.44	2.41	2.43	184951179	449023488.00
2016/05/06	2.43	2.48	2.40	2.41	395671053	966466304.00
2016/05/09	2.39	2.40	2.31	2.33	314431170	736611776.00
2016/05/10	2.33	2.34	2.31	2.33	145168762	337976416.00
2016/05/11	2.34	2.34	2.32	2.32	143182684	333649728.00
2016/05/12	2.31	2.31	2.27	2.31	175825004	402769600.00
2016/05/13	2.29	2.31	2.28	2.29	115307053	264750784.00
2016/05/16	2.29	2.31	2.28	2.31	123160330	283048864.00
2016/05/17	2.31	2.31	2.29	2.30	96371267	221499520.00
2016/05/18	2.29	2.30	2.24	2.29	250262762	567068544.00
2016/05/19	2.27	2.35	2.27	2.31	243565132	563517824.00
2016/05/20	2.29	2.30	2.27	2.30	154439761	353369792.00
2016/05/23	2.30	2.32	2.29	2.31	142111022	328097408.00
2016/05/24	2.31	2.31	2.28	2.29	136891490	313671680.00
2016/05/25	2.30	2.31	2.28	2.29	102631884	235488880.00
2016/05/26	2.29	2.30	2.26	2.30	172105940	392453664.00
2016/05/27	2.29	2.38	2.28	2.35	533729107	1251403136.00
2016/05/30	2.33	2.35	2.31	2.31	252801868	587978752.00
2016/05/31	2.32	2.38	2.31	2.37	402473844	947976576.00
2016/06/01	2.37	2.41	2.36	2.37	301879453	720796480.00
2016/06/02	2.37	2.42	2.35	2.41	309098725	739092544.00
